0.74177
0.56011
0.52013
0.42455
0.52136
0.31773
0.53748
0.31583
0.40678
0.64059
0.46276
0.78171
0.47425
0.26268
0.53386
0.55283
0.27635
0.5508
0.53982
0.42033
0.46333
0.37341
0.59731
0.49416
0.31822
0.59361
0.37499
0.46849
0.58667
0.44927
0.38291
0.55768
0.40052
0.59456
0.51143
0.62085
0.34276
0.38696
0.33284
0.4675
0.53344
0.44329
0.39632
0.28472
0.58167
0.73984
0.16281
0.35011
0.34815
0.43629
0.48372
0.52385
0.52074
0.62077
0.46635
0.47458
0.35029
0.67938
0.59731
0.61151
0.28478
0.53746
0.69701
0.51531
0.39598
0.58741
0.52838
0.53423
0.24194
0.55526
0.48057
0.58406
0.52793
0.56579
0.55332
0.43629
0.51795
0.48362
0.45601
0.2905
0.66695
0.34798
0.40651
0.59481
0.78436
0.39281
0.41157
0.10594
0.4003
0.46454
0.54492
0.47504
0.65247
0.62521
0.48762
0.72793
0.63007
0.4409
0.49976
0.34709
0.43715
0.46098
0.42583
0.38654
0.44731
0.46693
0.62577
0.36061
0.27461
0.5038
0.63599
0.37646
0.426
0.46183
0.85337
0.49122
0.70063
0.31924
0.40303
0.3293
0.50385
0.45632
0.46883
0.55108
0.61322
0.53798
0.60663
0.61213
0.54467
0.59539
0.53818
0.55337
0.35879
0.24273
0.46698
0.16545
0.1951
0.61529
0.52771
0.39231
0.58384
0.59182
0.57265
0.72526
0.51311
0.22365
0.57738
0.60872
0.32837
0.46985
0.60456
0.44564
0.5804
0.51741
0.58715
0.45217
0.36753
0.36688
0.47947
0.39393
0.55284
0.32416
0.66265
0.51915
0.24708
0.62856
0.59928
0.35465
0.79857
0.47023
0.18703
0.58692
0.40277
0.63741
0.7013
0.7119
0.15359
0.34133
0.67138
0.43086
0.3461
0.38826
0.46251
0.6076
0.40484
0.57875
0.29467
0.73354
0.28355
0.57043
0.23961
0.43256
0.68495
0.48781
0.49148
0.50809
0.60899
0.4333
0.56965
0.15926
0.66141
0.37109
0.50308
0.83918
0.39843
0.70435
0.50041
0.41843
0.10818
0.51635
0.17744
0.40799
0.59828
0.3934
0.35423
0.43832
0.30252
0.3485
0.66879
0.34889
0.3942
0.22396
0.39205
0.44049
0.31715
0.42734
0.42241
0.47121
0.57298
0.62026
0.52627
0.41812
0.47387
0.34496
0.4397
0.67949
0.41278
0.57164
0.56797
0.47218
0.4996
0.4788
0.62462
0.4771
0.42727
0.39155
0.47643
0.45619
0.57511
0.31951
0.41617
0.28771
0.44554
0.25943
0.23188
0.6088
0.54902
0.56355
0.60721
0.45316
0.56968
0.36958
0.33417
0.487
0.35053
0.7017
0.32885
0.53757
0.51
0.84352
0.57722
0.51001
0.40032
0.81492
0.43647
0.51456
0.62152
0.66987
0.71643
0.38364
0.31089
0.48994
0.43109
0.24575
0.39658
0.44919
0.46665
0.3633
0.55205
0.49951
0.38986
0.40953
0.52314
0.54687
0.32391
0.55386
0.4441
0.66771
0.4509
0.4938
0.50516
0.47717
0.48813
0.56612
0.55451
0.32108
0.35246
0.3794
0.50133
0.4127
0.3446
0.75214
0.50786
0.50522
0.53354
0.64353
0.34069
0.51938
0.58062
0.5993
0.46982
0.6167
0.57026
0.56929
0.65914
0.39621
0.50928
0.38632
0.58151
0.64489
0.6081
0.49579
0.64384
0.41203
0.38815
0.59102
0.57108
0.48768
0.37721
0.59881
0.49596
0.59197
0.33747
0.68768
0.5351
0.34161
0.47584
0.29776
0.46028
0.17285
0.4764
0.45035
0.55939
0.71772
0.67797
0.32268
0.49462
0.53071
0.51992
0.45119
0.4753
0.58667
0.54438
0.59634
0.29764
0.52494
0.52717
0.3602
0.48425
0.43737
0.48011
0.70675
0.40421
0.5719
0.39418
0.2619
0.51781
0.46771
0.55487
0.38925
0.50999
0.74448
0.38153
0.50909
0.67181
0.27079
0.70511
0.71821
0.82455
0.32697
0.43369
0.60847
0.64793
0.20374
0.49977
0.63122
0.38387
0.39715
0.49882
0.36311
0.32827
0.4284
0.45379
0.69564
0.35295
0.48966
0.74173
0.42179
0.79441
0.48035
0.55108
0.70265
0.52417
0.60753
0.63706
0.57837
0.58785
0.39319
0.4985
0.47851
0.40502
0.45576
0.25228
0.58899
0.46738
0.55831
0.3237
0.43038
0.36378
0.47204
0.53481
0.54291
0.63291
0.7136
0.651
0.4797
0.56955
0.3157
0.42376
0.49955
0.64743
0.71949
0.486
0.47335
0.40655
0.49487
0.64486
0.38823
0.60111
0.68413
0.52143
0.53943
0.55069
0.41301
0.37024
0.69993
0.46769
0.70421
0.32009
0.42094
0.29031
0.60925
0.42872
0.59255
0.59774
0.58741
0.57927
0.56468
0.49088
0.53301
0.40434
0.44998
0.36428
0.41288
0.26354
0.35738
0.32407
0.16983
0.46315
0.52822
0.40634
0.6533
0.57838
0.38369
0.44852
0.52686
0.69792
0.88782
0.63507
0.44172
0.34504
0.39791
0.48132
0.54438
0.13537
0.44944
0.45421
0.32135
0.813
0.50935
0.4583
0.65185
0.62859
0.51321
0.56721
0.34222
0.58842
0.54426
0.75374
0.65573
0.24972
0.59134
0.51316
0.47767
0.45451
0.2447
0.44883
0.30847
0.83403
0.69323
0.45175
0.21294
0.47044
0.39574
0.50151
0.42662
0.54009
0.42558
0.40366
0.71213
0.54017
0.31628
0.4381
0.27521
0.66285
0.74857
0.25222
0.19165
0.50478
0.60256
0.54558
0.59955
0.45651
0.3957
0.38079
0.33094
0.52627
0.52866
0.45687
0.59171
0.5501
0.22475
0.77453
0.70257
0.4929
0.59196
0.43853
0.45389
0.3456
0.58885
0.61239
0.52964
0.60353
0.31482
0.40002
0.82606
0.27427
0.4093
0.49683
0.56187
0.53926
0.52079
0.76515
0.45898
0.50517
0.52227
0.46237
0.35612
0.57776
0.52296
0.34926
0.55048
0.48147
0.5383
0.31174
0.4938
0.53904
0.354
0.42999
0.56684
0.47785
0.65671
0.49656
0.5968
0.36588
0.38804
0.32527
0.52069
0.58283
0.45818
0.42781
0.43322
0.59688
0.361
0.48898
0.38761
0.58597
0.34229
0.59326
0.49907
0.29866
0.55824
0.48813
0.52974
0.48481
0.52509
0.45438
0.43907
0.16604
0.34902
0.76759
0.47992
0.72165
0.38587
0.62594
0.68826
0.45132
0.4639
0.4238
0.29259
0.49141
0.52416
0.56182
0.38827
0.40598
0.51091
0.37323
0.42134
0.48054
0.53262
0.44218
0.60296
0.39662
0.49984
0.47622
0.2319
0.29469
0.49098
0.47259
0.42407
0.53666
0.38099
0.35641
0.39058
0.74184
0.28424
0.41165
0.60411
0.58114
0.27951
0.46277
0.57144
0.29853
0.35781
0.47742
0.72101
0.3366
0.48323
0.35576
0.70025
0.62549
0.33085
0.57318
0.48839
0.44879
0.54907
0.32591
0.52603
0.37797
0.31106
0.42523
0.50823
0.59054
0.63029
0.3676
0.52325
0.080626
0.48388
0.39332
0.3773
0.67075
0.39883
0.46308
0.59742
0.38299
0.40541
0.51269
0.77264
0.4542
0.4356
0.52924
0.29196
0.72304
0.31762
0.31647
0.46058
0.22927
0.92726
0.63861
0.37851
0.39237
0.23548
0.69752
0.53933
0.56673
0.35346
0.49192
0.34778
0.40254
0.39762
0.251
0.53674
0.51619
0.54858
0.3958
0.32264
0.39844
0.26445
0.39011
0.75677
0.3561
0.19769
0.64748
0.32906
0.70072
0.60447
0.51183
0.5055
0.49817
0.32877
0.60037
0.46551
0.62029
0.46272
0.16893
0.4226
0.70558
0.56818
0.54241
0.59538
0.17948
0.54526
0.35118
0.52182
0.34847
0.36378
0.52225
0.60897
0.36263
0.5484
0.47235
0.71448
0.77016
0.41222
0.35925
0.22241
0.5007
0.32765
0.44034
0.30886
0.73863
0.53405
0.55804
0.33252
0.28177
0.50556
0.51355
0.55615
0.18245
0.40959
0.55597
0.35704
0.50706
0.36931
0.36499
0.49412
0.6433
0.27323
0.61145
0.59155
0.4435
0.51727
0.53889
0.32071
0.37325
0.34954
0.44566
0.48319
0.25503
0.5727
0.39594
0.36851
0.53694
0.42168
0.48306
0.58636
0.44083
0.2912
0.63567
0.60659
0.59401
0.58944
0.47473
0.18941
0.69974
0.56513
0.24214
0.42602
0.51604
0.44955
0.57997
0.47163
0.42481
0.24855
0.78829
0.46813
0.65524
0.33991
0.63397
0.28461
0.4458
0.4795
0.25867
0.30061
0.56769
0.6391
0.47914
0.50023
0.42597
0.36396
0.48551
0.33955
0.56751
0.23173
0.42604
0.32237
0.29396
0.67407
0.54747
0.44963
0.29412
0.45314
0.3636
0.67006
0.2796
0.52146
0.3124
0.17791
0.66973
0.48325
0.21713
0.40121
0.34743
0.64568
0.43618
0.68192
0.64195
0.27154
0.53168
0.29015
0.39048
0.59887
0.58559
0.474
0.32637
0.61171
0.40495
0.27233
0.41721
0.30701
0.48898
0.58458
0.7274
0.32425
0.44445
0.49796
0.40347
0.53185
0.56842
0.63895
0.57812
0.51178
0.53761
0.47673
0.68514
0.57242
0.59543
0.6234
0.49421
0.29665
0.63425
0.34865
0.38511
0.40326
0.36783
0.35804
0.65326
0.47165
0.61695
0.53665
0.37196
0.38851
0.29731
0.43699
0.4391
0.79084
0.37452
0.65123
0.53436
0.52907
0.4568
0.37089
0.48198
0.53211
0.35095
0.19626
0.10923
0.706
0.37
0.40021
0.35174
0.37808
0.51237
0.44298
0.80624
0.6143
0.3567
0.47087
0.53376
0.57203
0.64159
0.48496
0.60584
0.56468
0.21586
0.5534
0.42713
0.47109
0.46113
0.9247
0.54223
0.54692
0.36008
0.40249
0.47236
0.5364
0.49865
0.48409
0.5643
0.31572
0.54015
0.54169
0.40651
0.45695
0.72595
0.23564
0.68285
0.58781
0.47486
0.62991
0.54548
0.54852
0.45227
0.50929
0.55545
0.31165
0.48271
0.51028
0.53418
0.50868
0.47976
0.68192
0.54479
0.52502
0.39059
0.43498
0.44757
0.50051
0.65941
0.48855
0.42826
0.43903
0.42042
0.39711
0.45343
0.18332
0.61823
0.37814
0.55406
0.37452
0.7631
0.36921
0.42691
0.53322
0.15446
0.58324
0.67448
0.46799
0.31022
0.62986
0.84668
0.41522
0.58306
0.45617
0.44116
0.56024
0.41605
0.65259
0.31982
0.32949
0.52529
0.451
0.38086
0.2415
0.39336
0.42256
0.77699
0.52035
0.76778
0.31476
0.76914
0.7009
0.32244
0.54343
0.38355
0.67881
0.64692
0.64134
0.54125
0.5853
0.36289
0.24569
0.62853
0.30723
0.51326
0.5636
0.59543
0.52852
0.50706
0.55617
0.33186
0.53877
0.56225
0.32978
0.37158
0.56852
0.46833
0.6761
0.51986
0.56996
0.62965
0.63738
0.57682
0.4584
0.31224
0.58913
0.64575
0.5877
0.22601
0.4272
0.4897
0.64742
0.56827
0.27452
0.36583
0.74172
0.454
0.5562
0.50517
0.40151
0.70553
0.48696
0.48749
0.46894
0.51505
0.4866
0.46295
0.31984
0.41876
0.46068
0.58223
0.34297
0.56787
0.60779
0.40641
0.55038
0.67123
0.42556
0.42799
0.5706
0.68936
0.46031
0.29833
0.48953
0.34291
0.34069
0.5578
0.39496
0.19088
0.47443
0.30449
0.53536
0.3592
0.57957
0.23285
0.72869
0.31268
0.54544
0.29069
0.41325
0.46703
0.59331
0.52313
0.4546
0.55518
0.6398
0.46806
0.54284
0.55191
0.59276
0.4552
0.31688
0.5835
0.52585
0.48213
0.66402
0.35105
0.4729
0.36971
0.55968
0.31075
0.45137
0.4016
0.44859
0.53539
0.47476
0.41679
0.22427
0.35483
0.50015
0.51892
0.4683
0.67532
0.33608
0.55071
0.2623
0.30371
0.58313
0.55391
0.67009
0.55335
0.30094
0.35376
0.51888
0.68681
0.20993
0.59355
0.5207
0.64596
0.48411
0.53361
0.66384
0.64261
0.44419
0.26832
0.50697
0.3136
0.24178
0.5966
0.35756
0.32394
0.61062
0.76053
0.38586
0.44331
0.55898
0.55769
0.30256
0.64184
0.25718
0.56576
0.63816
0.48018
0.69104
0.46389
0.41457
0.68314
0.56471
0.34454
0.72539
0.47492
0.51769
0.43256
0.43418
0.56059
0.46013
0.32831
0.491
0.44417
0.70522
0.25947
0.49382
0.63887
0.47287
0.60241
0.68145
0.31118
0.51184
0.34618
0.56111
0.48848
0.53091
0.51499
0.26725
0.42132
0.50854
0.34087
0.3535
0.60267
0.48793
0.30709
0.54421
0.37495
0.60701
0.54191
0.30547
0.32083
0.53322
0.5584
0.28005
0.24985
0.79852
0.70136
0.48827
0.43962
0.14316
0.46195
0.2782
0.48509
0.57824
0.30837
0.57261
0.29346
0.55614
0.64365
0.49997
0.29363
0.39256
0.46776
0.57905
0.34411
0.21092
0.29828
0.33182
0.51437
0.20832
0.14029
0.50073
0.40172
0.5871
0.54427
0.50689
0.54703
0.60627
0.46564
0.61745
0.36322
0.52787
0.27996
0.34609
0.68399
0.45171
0.57499
0.3759
0.25519
0.61067
0.61363
0.36832
0.45794
0.73407
0.29923
0.64875
0.66524
0.65053
0.61933
0.38895
0.5348
0.74021
0.78518
0.85894
0.71371
0.44362
0.58177
0.37557
0.60593
0.62751
0.31494
0.3639
0.50764
0.43204
0.66327
0.36079
0.41875
0.64885
0.42327
0.25413
0.36354
0.43033
0.52106
0.41435
0.44694
0.6021
0.43205
0.60139
0.73738
0.70162
0.34718
0.4345
0.48286
0.54247
0.35668
0.46554
0.57851
0.42174
0.47178
0.45538
0.54441
0.33435
0.42596
0.38584
0.49109
0.46199
0.62993
0.62286
0.45022
0.27683
0.37495
0.5471
0.31274
0.56426
0.37772
0.42657
0.2563
0.47086
0.4031
0.37979
0.41594
0.52068
0.65956
0.34131
0.71206
0.44183
0.34186
0.50621
0.45117
0.69193
0.76703
0.18827
0.5761
0.29425
0.44532
0.75077
0.60481
0.43293
0.46792
0.4597
0.56047
0.4651
0.51097
0.61376
0.62947
0.36901
0.44121
0.40772
0.49839
0.61449
0.6608
0.6043
0.35365
0.3942
0.6635
0.17592
0.42743
0.23304
0.38535
0.4427
0.4524
0.48107
0.34792
0.51474
0.65066
0.42184
0.59498
0.49959
0.24818
0.52114
0.41318
0.60823
0.27105
0.47981
0.43858
0.54534
0.39611
0.25311
0.45604
0.5998
0.55106
0.22898
0.44671
0.34838
0.42197
0.43584
0.74772
0.43314
0.61474
0.28838
0.43252
0.29729
0.35561
0.72513
0.19746
0.64683
0.72918
0.65714
0.3157
0.4774
0.51646
0.47852
0.54325
0.31066
0.46029
0.31918
0.42411
0.35015
0.42207
0.46478
0.40069
0.63732
0.48711
0.60498
0.78324
0.59668
0.25769
0.59087
0.46251
0.53776
0.31465
0.23031
0.42523
0.71516
0.56252
0.59949
0.65435
0.47708
0.4295
0.65222
0.49295
0.64505
0.57152
0.72528
0.4141
0.5913
0.42835
0.55095
0.57753
0.5559
0.42228
0.6831
0.70911
0.60857
0.42362
0.23775
0.5527
0.4318
0.47123
0.52816
0.5931
0.55872
0.60071
0.45757
0.521
0.47063
0.45741
0.48553
0.32592
0.47145
0.758
0.69637
0.46564
0.68125
0.57513
0.66161
0.5224
0.37817
0.55732
0.29641
0.56256
0.57414
0.38353
0.61448
0.42748
0.4063
0.45253
0.60554
0.31319
0.45787
0.55224
0.38228
0.62031
0.62721
0.59392
0.43736
0.33601
0.34342
0.45736
0.60548
0.59643
0.47846
0.68451
0.56804
0.61226
0.49656
0.57651
0.44143
0.64124
0.53416
0.33053
0.52787
0.66486
0.5627
0.50904
0.58718
0.56043
0.5088
0.69995
0.50151
0.5269
0.41083
0.80366
0.28528
0.18868
0.36522
0.59069
0.57429
0.4152
0.32776
0.73147
0.46282
0.52441
0.3538
0.68543
0.6535
0.56577
0.39298
0.54273
0.64163
0.54314
0.5541
0.47776
0.35524
0.37365
0.47217
0.50518
0.5766
0.18602
0.5026
0.41384
0.38971
0.35691
0.71751
0.71628
0.20848
0.71295
0.29991
0.48084
0.1924
0.21898
0.41571
0.17446
0.6237
0.56131
0.49469
0.60694
0.65748
0.70599
0.46719
0.43935
0.16781
0.46158
0.4517
0.4551
0.62514
0.69943
0.61248
0.57595
0.37801
0.42451
0.5699
0.44974
0.36193
0.32687
0.33028
0.5718
0.35088
0.68687
0.44051
0.47473
0.50246
0.36265
0.55493
0.40784
0.48158
0.55451
0.55321
0.34884
0.38698
0.33804
0.42163
0.54698
0.39666
0.39205
0.4287
0.48922
0.46127
0.43871
0.62898
0.46589
0.41276
0.35972
0.52572
0.67093
0.55053
0.43261
0.36561
0.37205
0.71593
0.2847
0.44527
0.16372
0.56862
0.40677
0.28461
0.53725
0.85537
0.40513
0.62175
0.58561
0.58108
0.49827
0.51418
0.62336
0.52753
0.52821
0.48408
0.43189
0.49674
0.69745
0.52504
0.4984
0.25869
0.69116
0.31096
0.51257
0.38717
0.69384
0.49914
0.34233
0.67377
0.43866
0.68423
0.40808
0.65918
0.30671
0.65009
0.76028
0.39129
0.62472
0.39796
0.48406
0.32193
0.4244
0.48817
0.26887
0.39228
0.71556
0.42175
0.55202
0.63468
0.24917
0.73303
0.52475
0.43766
0.57935
0.64733
0.43479
0.27092
0.24211
0.51136
0.60792
0.45224
0.16254
0.60763
0.59691
0.51178
0.43603
0.40102
0.40347
0.45613
0.52268
0.33623
0.63792
0.409
0.5121
0.44116
0.46539
0.28628
0.45757
0.80745
0.67317
0.37218
0.18105
0.4089
0.48096
0.070895
0.38003
0.42683
0.39766
0.51941
0.56475
0.27742
0.52743
0.25854
0.61813
0.26262
0.63392
0.49257
0.38578
0.49374
0.31462
0.31309
0.32414
0.39312
0.45774
0.39002
0.31377
0.58103
0.68551
0.5538
0.69162
0.66662
0.3756
0.35505
0.39102
0.34954
0.57811
0.45954
0.56712
0.38231
0.62384
0.43009
0.38974
0.59446
0.50164
0
0.60798
0.3534
0.53671
0.42136
0.51989
0.63662
0.75912
0.39394
0.56176
0.3308
0.28919
0.39894
0.49062
0.36918
0.3083
0.60465
0.45024
0.55866
0.33486
0.44987
0.8196
0.48924
0.52319
0.41552
0.54306
0.41107
0.43983
0.54833
0.5651
0.44035
0.60341
0.53464
0.52123
0.59492
0.67212
0.67221
0.30985
0.63564
0.40376
0.46063
0.65408
0.5751
0.49575
0.34249
0.39659
0.22979
0.44012
0.50761
0.25665
0.45566
0.60177
0.61864
0.40363
0.51323
0.59377
0.31484
0.39604
0.59742
0.38505
0.35863
0.17684
0.78391
0.48575
0.73981
0.379
0.57722
0.51164
0.55803
0.30977
0.65489
0.52111
0.42988
0.52412
0.63321
0.50051
0.52245
0.49158
0.38076
0.39995
0.50059
0.58109
0.58636
0.67933
0.42554
0.37213
0.53471
0.74818
0.697
0.35779
0.56371
0.40333
0.46002
0.42585
0.48444
0.28782
0.46953
0.74349
0.49318
0.3601
0.42328
0.44745
0.54398
0.6125
0.5443
0.436
0.55493
0.29021
0.35734
0.26025
0.31444
0.42585
0.60556
0.66389
0.31082
0.38622
0.39612
0.37713
0.52464
0.57425
0.37086
0.4837
0.94896
0.23706
0.51875
0.52805
0.49221
0.39881
0.42513
0.66356
0.76692
0.63675
0.29682
0.44327
0.71488
0.52997
0.46469
0.52788
0.6081
0.75711
0.22973
0.69719
0.42948
0.69072
0.65931
0.5172
0.54712
0.45381
0.42795
0.72775
0.467
0.41955
0.52151
0.51247
0.27118
0.49188
0.33654
0.32376
0.69604
0.45056
0.64026
0.3087
0.36461
0.49251
0.5623
0.55758
0.44581
0.25679
0.34679
0.68346
0.93459
0.57872
0.71151
0.4371
0.3184
0.36499
0.70458
0.54713
0.43505
0.37743
0.28085
0.50726
0.46857
0.48974
0.30209
0.36331
0.38736
0.34644
0.4062
0.4426
0.58736
0.65247
0.62741
0.33411
0.60367
0.42058
0.65961
0.48156
0.44685
0.56556
0.43951
0.49913
0.57171
0.51847
0.42696
0.41616
0.72081
0.48163
0.68648
0.57957
0.63507
0.51956
0.44058
0.42769
0.39146
0.57996
0.46215
0.82924
0.29129
0.63069
0.57438
0.51808
0.47592
0.744
0.49968
0.50087
0.71266
0.36074
0.58568
0.50467
0.53338
0.33638
0.67777
0.5665
0.51224
0.26888
0.61054
0.39712
0.4118
0.47378
0.5395
0.29458
0.24837
0.58227
0.6849
0.35847
0.39023
0.46724
0.21956
0.70734
0.47322
0.76089
0.51153
0.65593
0.53239
0.38705
0.6019
0.4069
0.5725
0.431
0.46217
0.41341
0.44815
0.59877
0.56433
0.60867
0.64212
0.47616
0.76953
0.46594
0.36398
0.45848
0.41881
0.35256
0.64039
0.15594
0.4842
0.43854
0.40865
0.38625
0.33171
0.37474
0.30136
0.31587
0.49431
0.30472
0.89721
0.74076
0.63905
0.18152
0.58383
0.51422
0.39265
0.25759
0.46179
0.48421
0.42698
0.56593
0.75527
0.52964
0.4141
0.45843
0.50725
0.52205
0.60219
0.44768
0.48348
0.58307
0.47432
0.5127
0.28915
0.72398
0.38927
0.73202
0.56037
0.44838
0.56192
0.62703
0.40506
0.68502
0.37109
0.34151
0.53616
0.41571
0.44532
0.441
0.47763
0.53734
0.61082
0.66393
0.13271
0.51732
0.46096
0.56748
0.70665
0.63173
0.61675
0.6989
0.27353
0.41991
0.51845
0.60968
0.4969
0.38748
0.41576
0.4008
0.12515
0.44659
0.16284
0.49269
0.50107
0.44513
0.42867
0.63846
0.49918
0.47773
0.48003
0.67623
0.36191
0.46974
0.32843
0.50364
0.30456
0.54261
0.53547
0.55175
0.51722
0.40196
0.51378
0.66263
0.69846
0.59099
0.6266
0.51293
0.40071
0.52749
0.40397
0.5248
0.48728
0.36875
0.57108
0.46873
0.35326
0.62092
0.59461
0.47588
0.37776
0.51186
0.83135
0.56912
0.51269
0.44642
0.453
0.70658
0.38973
0.25981
0.57726
0.20353
0.44136
0.28276
0.37594
0.29492
0.31625
0.33391
0.212
0.56745
0.54378
0.42975
0.42883
0.58262
0.46138
0.38234
0.48324
0.6174
0.41595
0.57856
0.58864
0.70481
0.54796
0.47596
0.38254
0.55165
0.56926
0.61741
0.78085
0.55465
0.32463
0.55582
0.5
0.30317
0.65807
0.48196
0.51625
0.2682
0.39902
0.51126
0.38395
0.42633
0.41979
0.43266
0.45768
0.434
0.30426
0.52138
0.41915
0.41414
0.47415
0.65039
0.44571
0.51981
0.4651
0.69285
0.70282
0.57563
0.55953
0.5758
0.49301
0.4719
0.487
0.25182
0.42766
0.50266
0.36735
0.41727
0.59072
0.52251
0.46236
0.53526
0.45562
0.35755
0.28488
0.18654
0.33462
0.24092
0.31525
0.43938
0.4571
0.54973
0.66062
0.48838
0.56783
0.37665
0.62357
0.38094
0.56125
0.58041
0.46306
0.26958
0.48002
0.61755
0.47877
0.55744
0.51042
0.38259
0.60397
0.44005
0.26408
0.54095
0.55084
0.59554
0.63512
0.54794
0.5587
0.68866
0.47449
0.38296
0.48314
0.72012
0.47553
0.48108
0.55893
0.9594
0.51206
0.31218
0.43649
0.39564
0.685
0.17114
0.23348
0.57631
0.68152
0.44123
0.53108
0.38566
0.73049
0.67547
0.61829
0.28213
0.30522
0.44734
0.40256
0.61695
0.36174
0.40897
0.24002
0.47402
0.39157
0.63883
0.45145
0.41502
0.3681
0.41572
0.46533
0.43914
0.43829
0.327
0.37308
0.47699
0.46745
0.43076
0.54194
0.27745
0.64059
0.40256
0.22265
0.64377
0.46397
0.29452
0.36089
0.42702
0.7417
0.39558
0.37261
0.53185
0.52668
0.39116
0.17956
0.50903
0.44329
0.73914
0.53479
0.46674
0.5661
0.48689
0.47596
0.29983
0.58861
0.53218
0.50738
0.49109
0.63494
0.48217
0.61678
0.71111
0.61839
0.54213
0.53506
0.4421
0.44617
0.41356
0.67882
0.48722
0.4475
0.26703
0.68777
0.75481
0.69504
0.68269
0.47631
0.45703
0.35391
0.55657
0.39025
0.42207
0.56422
0.68819
0.65744
0.55444
0.82422
0.20903
0.73468
0.39453
0.26199
0.29766
0.53461
0.20298
0.47305
0.78811
0.63029
0.5673
0.45113
0.43742
0.34928
0.38196
0.43678
0.5809
0.37493
0.3526
0.5042
0.52857
0.54692
0.50363
0.68341
0.51746
0.4163
0.34794
0.40805
0.42961
0.4708
0.3338
0.42954
0.39582
0.49511
0.26722
0.36635
0.41252
0.52068
0.45146
0.33165
0.72204
0.65012
0.29304
0.39359
0.11661
0.78178
0.38942
0.11644
0.58121
0.4422
0.74858
0.58242
0.40355
0.40019
0.60046
0.62991
0.33945
0.70601
0.48738
0.4193
0.40458
0.36402
0.73553
0.29201
0.57968
0.73075
0.49077
0.5819
0.52194
0.49842
0.41391
0.44969
0.60521
0.42478
0.50951
0.56113
0.63251
0.17644
0.26017
0.66598
0.69409
0.56412
0.46274
0.54753
0.4512
0.48494
0.58557
0.41244
0.51182
0.59594
0.52034
0.63309
0.44335
0.67965
0.54292
0.24671
0.52053
0.44228
0.38726
0.46216
0.33381
0.51455
0.52984
0.69316
0.2434
0.55856
0.48967
0.27591
0.5168
0.77095
0.44027
0.56049
0.19091
0.31483
0.31993
0.24466
0.22717
0.29574
0.74662
0.46354
0.39722
0.36622
0.5129
0.17107
0.65681
0.79747
0.31038
0.41912
0.55052
0.56701
0.50518
0.44175
0.65843
0.076036
0.43911
0.7677
0.41099
0.49754
0.63146
0.58737
0.65331
0.64102
0.60417
0.65265
0.59334
0.5218
0.42859
0.52984
0.40961
0.22102
0.56973
0.69467
0.55266
0.31571
0.40702
0.41491
0.63104
0.59559
0.31943
0.29231
0.5699
0.66939
0.37333
0.47302
0.34238
0.525
0.6129
0.63474
0.64637
0.42724
0.66296
0.48825
0.63339
0.67707
0.55423
0.86614
0.80615
0.69668
0.13649
0.52223
0.29144
0.4241
0.50597
0.67395
0.57625
0.51621
0.22332
0.49353
0.50169
0.63078
0.48278
0.40851
0.70046
0.38122
0.20104
0.51603
0.48455
0.39041
0.71919
0.60533
0.50441
0.47597
0.6321
0.37786
0.50805
0.59415
0.30796
0.51693
0.39622
0.45855
0.45487
0.87402
0.35345
0.37811
0.58456
0.18971
0.39633
0.27727
0.41501
0.48148
0.36006
0.72882
0.37929
0.4227
0.55277
0.45332
0.16945
0.43315
0.30985
0.3282
0.46868
0.2666
0.72455
0.30515
0.45681
0.48896
0.46567
0.56044
0.37542
0.44982
0.55651
0.27573
0.45282
0.79242
0.47845
0.65465
0.42444
0.50993
0.54059
0.48812
0.40342
0.3579
0.5763
0.55992
0.3353
0.50712
0.41335
0.36903
0.36729
0.44137
0.58951
0.71305
0.66327
0.49588
0.47224
0.56081
0.54793
0.50042
0.76119
0.4274
0.045846
0.49264
0.40617
0.32435
0.20266
0.49194
0.72129
0.54067
0.5096
0.51771
0.63419
0.53764
0.4857
0.56582
0.62967
0.37066
0.453
0.31549
0.44618
0.5596
0.27595
0.48858
0.39406
0.55324
0.32578
0.54151
0.57334
0.5217
0.5995
0.42947
0.27127
0.39274
0.39283
0.72025
0.29976
0.74569
0.49055
0.53761
0.72858
0.42273
0.28308
0.33579
0.46858
0.44538
0.53248
0.62389
0.33133
0.62789
0.55809
0.7273
0.54348
0.72641
0.32838
0.4662
0.70121
0.17338
0.4535
0.35542
0.34829
0.34171
0.53928
0.49632
0.42821
0.37424
0.59008
0.50877
0.32074
0.56722
0.42489
0.77483
0.58179
0.3015
0.33106
0.58046
0.34623
0.30022
0.46167
0.16286
0.38175
0.3539
0.48076
0.64053
0.63669
0.42228
0.51522
0.67912
0.59605
0.71558
0.57825
0.69994
0.58251
0.41165
0.5906
0.18789
0.45803
0.66421
0.75509
0.59324
0.61712
0.44685
0.2978
0.52862
0.63035
0.70483
0.64402
0.3545
0.54027
0.39729
0.56714
0.45545
0.39647
0.43852
0.45053
0.42953
0.54801
0.4043
0.266
0.53149
0.27993
0.34705
0.51482
0.52046
0.46626
0.51108
0.4603
0.42623
0.60554
0.67725
0.33258
0.4847
0.34455
0.37535
0.36351
0.36216
0.41527
0.49482
0.32064
0.50945
0.47413
0.42005
0.5938
0.59603
0.65727
0.60364
0.54233
0.45192
0.58808
0.5953
0.67115
0.66662
0.36767
0.46865
0.38906
0.66571
0.61601
0.42307
0.5382
0.33662
0.55618
0.60069
0.52777
0.59693
0.59822
0.53517
0.50977
0.48157
0.56485
0.51643
0.46758
0.51028
0.45167
0.67912
0.47739
0.42724
0.49158
0.25338
0.39225
0.67807
0.29834
0.37013
0.69399
0.54353
0.36101
0.56429
0.3154
0.49076
0.4806
0.48156
0.46114
0.4195
0.54604
0.60172
0.35221
0.3955
0.39378
0.38744
0.48196
0.65699
0.49542
0.74379
0.29425
0.49697
0.38688
0.58791
0.54704
0.50689
0.64612
0.33033
0.40557
0.49331
0.47174
0.3803
0.4875
0.32462
0.35886
0.74585
0.34755
0.26641
0.82759
0.73973
0.68559
0.62637
0.48346
0.51708
0.36689
0.50068
0.46254
0.46952
0.32108
0.6923
0.38571
0.30225
0.40544
0.55979
0.41771
0.5948
0.65413
0.34004
0.31026
0.85959
0.46963
0.39219
0.32713
0.28199
0.7157
0.37714
0.37046
0.34255
0.53616
0.40071
0.33709
0.5955
0.56951
0.52083
0.52092
0.40527
0.35782
0.19525
0.66885
0.44005
0.38744
0.56744
0.20701
0.31647
0.37906
0.28699
0.43939
0.54269
0.17975
0.44788
0.43321
0.52318
0.51357
0.4568
0.35919
0.68294
0.54228
0.25578
0.6502
0.56952
0.41873
0.59623
0.20827
0.52058
0.42248
0.54434
0.53632
0.47667
0.64255
0.25479
0.49252
0.41861
0.37205
0.5922
0.54017
0.56598
0.66924
0.39495
0.48664
0.42666
0.34
0.43291
0.5039
0.46781
0.44872
0.57398
0.53748
0.43577
0.57045
0.54695
0.44723
0.42596
0.5712
0.39457
0.53741
0.67099
0.27242
0.56595
0.17852
0.6389
0.69123
0.38911
0.27098
0.49831
0.6138
0.20482
0.47021
0.55562
0.41037
0.59957
0.57126
0.28845
0.46547
0.38409
0.26157
0.5129
0.54278
0.60041
0.28114
0.44519
0.63413
0.5123
0.49272
0.46674
0.79349
0.40857
0.48164
0.59978
0.29515
0.49688
0.4178
0.3627
0.55579
0.62538
0.47708
0.53127
0.69398
0.66257
0.37547
0.4334
0.56784
0.46937
0.36593
0.60313
0.37545
0.75295
0.51517
0.49707
0.62679
0.2927
0.38826
0.2282
0.45869
0.20115
0.56865
0.41839
0.58949
0.34842
0.50936
0.54368
0.71432
0.45039
0.4344
0.45755
0.27467
0.80221
0.55658
0.4469
0.29778
0.50604
0.40008
0.43466
0.2847
0.47182
0.56966
0.39838
0.43649
0.48856
0.55215
0.49727
0.27816
0.4621
0.5214
0.41461
0.71848
0.32758
0.45697
0.49879
0.67535
0.54699
0.28652
0.45571
0.6998
0.39794
0.34039
0.49457
0.41705
0.51496
0.4503
0.4732
0.55799
0.55741
0.34905
0.49387
0.39108
0.60409
0.48782
0.53437
0.48124
0.26447
0.51398
0.28768
0.27467
0.62525
0.15058
0.37937
0.61884
0.35065
0.33789
0.62465
0.49914
0.41884
0.40862
0.4902
0.61317
0.52675
0.26121
0.41049
0.41239
0.469
0.64594
0.27019
0.65678
0.50959
0.41882
0.56545
0.55321
0.54743
0.75257
0.41861
0.77366
0.46184
0.49127
0.73246
0.49611
0.48801
0.45221
0.26401
0.43776
0.54194
0.51628
0.23763
0.54713
0.50134
0.54124
0.20729
0.40763
0.48619
0.78915
0.24264
0.25041
0.49767
0.35025
0.41137
0.46198
0.52357
0.49393
0.31338
0.30537
0.58475
0.80713
0.51309
0.42223
0.57887
0.27974
0.51621
0.38637
0.58786
0.57778
0.64195
0.47129
0.72509
0.51306
0.19422
0.61111
0.43279
0.40391
0.67328
0.47908
0.51541
0.57759
0.53626
0.406
0.58473
0.54383
0.2777
0.50457
0.40047
0.62446
0.58424
0.48723
0.54737
0.47396
0.60311
0.58662
0.46738
0.49428
0.60731
0.32868
0.30758
0.48146
0.5949
0.34838
0.60624
0.47566
0.56184
0.44748
0.47113
0.53051
0.57225
0.37906
0.52869
0.55298
0.52652
0.49223
0.5628
0.57083
0.49168
0.50886
0.60991
0.2098
0.55803
0.49232
0.50241
0.55175
0.3852
0.50592
0.64581
0.41922
0.58287
0.44587
0.46191
0.49654
0.61242
0.53095
0.32736
0.4118
0.37457
0.48441
0.7652
0.42724
0.69605
0.76472
0.58708
0.40834
0.42953
0.58623
0.47819
0.40747
0.41645
0.43243
0.48896
0.81012
0.50684
0.48031
0.41828
0.35512
0.43926
0.45844
0.47727
0.37384
0.30109
0.55107
0.28347
0.33988
0.39261
0.41623
0.42066
0.64357
0.53081
0.40556
0.28154
0.37966
0.58864
0.525
0.53149
0.42397
0.63717
0.21662
0.31995
0.38266
0.73598
0.54666
0.36555
0.38076
0.56314
0.50315
0.64358
0.32937
0.52723
0.51115
0.54153
0.2523
0.45656
0.45701
0.44161
0.55855
0.42082
0.48795
0.3121
0.37027
0.49759
0.39814
0.64048
0.19372
0.52801
0.22988
0.44002
0.49084
0.3982
0.19417
0.4618
0.53828
0.41154
0.62666
0.51248
0.64834
0.24512
0.39097
0.70454
0.24963
0.55146
0.49757
0.43745
0.38368
0.3666
0.3285
0.35002
0.35374
0.17586
0.43617
0.41211
0.44515
0.2438
0.55225
0.4805
0.22479
0.55295
0.32311
0.59782
0.66083
0.71783
0.56683
0.45797
0.30838
0.56483
0.41962
0.62151
0.62746
0.35271
0.65761
0.55192
0.32294
0.52514
0.57898
0.42573
0.51638
0.48816
0.60019
0.52535
0.4765
0.48305
0.47683
0.48365
0.31676
0.49022
0.63026
0.29955
0.44489
0.44612
0.42911
0.43772
0.50475
0.49263
0.49757
0.47554
0.55659
0.43385
0.44218
0.60487
0.29618
0.64508
0.50387
0.47573
0.24568
0.58547
0.73842
0.64459
0.46192
0.53376
0.47871
0.74098
0.70917
0.2676
0.53775
0.56447
0.48699
0.40228
0.22935
0.52194
0.50942
0.40203
0.64083
0.44808
0.39055
0.51369
0.59525
0.47151
0.56344
0.4622
0.38607
0.48194
0.57241
0.46862
0.25755
0.44606
0.22823
0.48801
0.51581
0.42971
0.42597
0.68581
0.5653
0.34807
0.29721
0.45858
0.46055
0.57024
0.51679
0.28572
0.59736
0.33899
0.32728
0.48014
0.59205
0.3199
0.37982
0.66537
0.48057
0.27803
0.55712
0.54154
0.37993
0.48587
0.32808
0.58417
0.46759
0.34569
0.567
0.52291
0.49068
0.19549
0.67776
0.47461
0.28455
0.41999
0.34414
0.41432
0.51519
0.55875
0.47639
0.30301
0.35112
0.44956
0.43135
0.48144
0.44254
0.39094
0.61769
0.46969
0.44228
0.56555
0.48563
0.37234
0.37159
0.54448
0.32643
0.51028
0.42648
0.53543
0.68927
0.49646
0.65507
0.68551
0.44865
0.69055
0.65542
0.46239
0.62439
0.56825
0.41906
0.21486
0.5665
0.64895
0.20516
0.47632
0.50395
0.74691
0.46304
0.52268
0.53704
0.30651
0.52532
0.68142
0.5135
0.41682
0.49756
0.51614
0.44694
0.66722
0.54308
0.49534
0.64253
0.36103
0.47172
0.48843
0.47566
0.48512
0.37208
0.39796
0.54363
0.48899
0.34303
0.17265
0.71786
0.38473
0.62453
0.43688
0.3847
0.73543
0.26644
0.29325
0.45434
0.47316
0.60306
0.3784
0.4999
0.77087
0.50644
0.56788
0.55633
0.44097
0.57634
0.57582
0.38972
0.65172
0.60104
0.43673
0.6608
0.73175
0.45301
0.51638
0.45159
0.67179
0.49728
0.20706
0.5135
0.48881
0.71596
0.52242
0.3876
0.41109
0.59289
0.2969
0.54132
0.53341
0.31871
0.50835
0.47279
0.43955
0.42541
0.43252
0.35062
0.53807
0.58655
0.42579
0.38555
0.51726
0.35893
0.32392
0.625
0.53172
0.50714
0.61775
0.59098
0.69379
0.77033
0.44479
0.4445
0.46528
0.43846
0.4943
0.58326
0.41281
0.51166
0.6069
0.44946
0.68862
0.45325
0.65732
0.6335
0.62372
0.66386
0.63372
0.39218
1
0.44992
0.39054
0.3176
0.74711
0.39798
0.38792
0.42857
0.51957
0.36343
0.39332
0.53027
0.2502
0.28437
0.75763
0.41672
0.58361
0.41589
0.27036
0.69037
0.48474
0.8029
0.23067
0.56183
0.56467
0.50917
0.54785
0.56468
0.24942
0.58408
0.47318
0.57928
0.54175
0.55954
0.37331
0.34205
0.067009
0.46376
0.36037
0.47545
0.55085
0.47715
0.61504
0.57912
0.41714
0.70645
0.66194
0.32858
0.23412
0.41917
0.56463
0.42327
0.56168
0.42572
0.68312
0.32263
0.48684
0.73122
0.5995
0.61499
0.55848
0.53986
0.40077
0.713
0.52638
0.67118
0.66185
0.53561
0.5495
0.63129
0.54212
0.4665
0.38427
0.65224
0.6446
0.50515
0.54122
0.3642
0.66126
0.54078
0.7093
0.42569
0.49396
0.52994
0.64991
0.65881
0.71579
0.48463
0.4391
0.55894
0.54514
0.48275
0.46506
0.53238
0.33826
0.54709
0.58623
0.48434
0.59002
0.42225
0.51095
0.63641
0.70083
0.54305
0.74943
0.32532
0.49549
0.57851
0.60318
0.36923
0.53388
0.3406
0.46689
0.44521
0.61875
0.64059
0.54184
0.65447
0.39421
0.60601
0.37472
0.33727
0.51346
0.37747
0.40888
0.55411
0.69479
0.43874
0.50554
0.52522
0.59678
0.41462
0.44569
0.80544
0.44821
0.55984
0.56313
0.46747
0.40347
0.41735
0.48961
0.77752
0.51082
0.27644
0.28136
0.44701
0.76984
0.63497
0.47613
0.48184
0.58071
0.42967
0.56794
0.56577
0.23709
0.23472
0.62577
0.615
0.59319
0.38688
0.29588
0.35805
0.57504
0.48331
0.41703
0.35384
0.35629
0.35659
0.46251
0.30651
0.55922
0.80193
0.60584
0.66015
0.47894
0.35004
0.52434
0.36003
0.45747
0.67658
0.47399
0.50745
0.27242
0.48097
0.71455
0.57562
0.55394
0.39051
0.39008
0.20015
0.41906
0.54641
0.58251
0.30143
0.52305
0.39099
0.63721
0.47788
0.44396
0.29003
0.4956
0.26631
0.61474
0.30817
0.41149
0.36208
0.74312
0.75079
0.65268
0.46081
0.62211
0.48116
0.69047
0.5777
0.63961
0.46699
0.54592
0.42208
0.4152
0.61021
0.58075
0.55768
0.57217
0.33296
0.43225
0.40999
0.32863
0.76835
0.434
0.6336
0.49344
0.43216
0.66582
0.22432
0.45363
0.42985
0.76844
0.34007
0.50285
0.73498
0.28885
0.47314
0.35559
0.53398
0.51738
0.52524
0.50509
0.67191
0.61456
0.36467
0.3177
0.63342
0.36773
0.61728
0.39378
0.47635
0.68807
0.67205
0.78606
0.59754
0.47741
0.5798
0.55027
0.35956
0.48038
0.53471
0.085955
0.47925
0.51308
0.46755
0.46059
0.61843
0.39813
0.65943
0.56033
0.57293
0.47351
0.50968
0.45067
0.63392
0.49699
0.40757
0.3778
0.56823
0.56837
0.50214
0.55237
0.53303
0.4902
0.38656
0.43439
0.67824
0.70702
0.67955
0.44211
0.53474
0.5373
0.62033
0.59993
0.40104
0.52018
0.5072
0.45553
0.27897
0.59876
0.45319
0.62123
0.45972
0.3617
0.33558
0.43369
0.43939
0.70347
0.47181
0.49403
0.64553
0.41117
0.52242
0.30277
0.50089
0.3744
0.59718
0.36459
0.33407
0.49385
0.57427
0.46848
0.48092
0.33815
0.48354
0.48135
0.72511
0.46174
0.43909
0.54232
0.59348
0.54877
0.34055
0.53889
0.54289
0.5976
0.41557
0.37216
0.66628
0.56999
0.56756
0.20323
0.48324
0.46976
0.45925
0.24072
0.39866
0.16706
0.51493
0.41777
0.50459
0.20475
0.641
0.56054
0.48247
0.44626
0.72892
0.514
0.4743
0.39303
0.28332
0.29723
0.45099
0.27766
0.74246
0.34988
0.65845
0.25638
0.54363
0.25143
0.28765
0.6035
0.41508
0.5271
0.43787
0.1029
0.53096
0.4658
0.50569
0.56596
0.44445
0.48261
0.42666
0.30724
0.38671
0.65962
0.57125
0.41652
0.49074
0.63033
0.52275
0.39304
0.20346
0.40676
0.4329
0.55758
0.25398
0.68196
0.30996
0.3755
0.56483
0.3495
0.52575
0.50365
0.50187
0.1705
0.33661
0.44461
0.44329
0.41411
0.61013
0.42152
0.39178
0.4581
0.64536
0.4123
0.38288
0.80242
0.43423
0.4493
0.3873
0.34731
0.44879
0.55319
0.49229
0.79247
0.35417
0.57536
0.7142
0.27596
0.51389
0.68809
0.29874
0.46685
0.35341
0.54835
0.59549
0.43043
0.37238
0.49393
0.35059
0.40536
0.29036
0.56665
0.3915
0.54475
0.45922
0.35432
0.53076
0.40903
0.56578
0.50816
0.64309
0.61646
0.41735
0.52004
0.56834
0.36174
0.48568
0.60701
0.44899
0.76765
0.4052
0.45403
0.61758
0.58455
0.60417
0.78147
0.35974
0.50384
0.59266
0.56626
0.66227
0.41572
0.43291
0.4276
0.61678
0.24634
0.5068
0.52159
0.53959
0.43304
0.3957
0.42678
0.54217
0.48992
0.47282
0.3801
0.44503
0.43137
0.53446
0.55383
0.42898
0.83063
0.56697
0.42131
0.49051
0.48365
0.35002
0.68193
0.43239
0.52335
0.51433
0.62292
0.4579
0.25964
0.63291
0.39377
0.62425
0.52482
0.52466
0.42188
0.429
0.47597
0.52264
0.34693
0.66603
0.56781
0.33059
0.77258
0.58748
0.69971
0.60585
0.4696
0.21777
0.57665
0.54537
0.41251
0.57033
0.49231
0.18933
0.41912
0.35964
0.38589
0.57385
0.47976
0.43771
0.64528
0.56893
0.548
0.41526
0.30273
0.69053
0.31328
0.48688
0.66261
0.52029
0.58867
0.50745
0.55677
0.53919
0.40981
0.40428
0.50513
0.37705
0.48531
0.55968
0.44425
0.40933
0.65562
0.70997
0.58117
0.44703
0.68088
0.50927
0.69202
0.50127
0.42927
0.63336
0.60135
0.22053
0.49599
0.40014
0.31339
0.60595
0.47482
0.29925
0.50861
0.11142
0.47071
0.15854
0.39463
0.57689
0.53678
0.65608
0.43089
0.65302
0.2558
0.71352
0.43749
0.45601
0.77178
0.31553
0.65229
0.62677
0.68123
0.41894
0.48454
0.71716
0.42809
0.76567
0.58631
0.65771
0.67532
0.56293
0.74233
0.71484
0.49011
0.71214
0.62102
0.62751
0.63699
0.61832
0.48649
0.73489
0.52761
0.67243
0.53448
0.35948
0.43354
0.28226
0.43466
0.41379
0.28865
0.33734
0.50492
0.57582
0.76667
0.55632
0.49017
0.51129
0.48148
0.32554
0.67723
0.63949
0.3468
0.45282
0.43803
0.54165
0.46352
0.49137
0.37717
0.44762
0.50785
0.40425
0.52581
0.31564
0.41628
0.65264
0.48626
0.17578
0.68269
0.36429
0.33876
0.36575
0.5809
0.47728
0.38057
0.43439
0.64048
0.20347
0.54481
0.24662
0.45574
0.50059
0.38258
0.39575
0.51979
0.46053
0.35573
0.3831
0.65379
0.46913
0.46017
0.60317
0.58095
0.37231
0.49
0.5185
0.23767
0.44088
0.39071
0.54638
0.70923
0.5469
0.54828
0.39227
0.39797
0.4186
0.55429
0.47608
0.46267
0.37072
0.52324
0.66126
0.58784
0.46502
0.58353
0.5155
0.42215
0.52636
0.40283
0.4474
0.65149
0.39475
0.62033
0.3801
0.51123
0.51068
0.54382
0.25767
0.67826
0.65996
0.28077
0.30156
0.34925
0.35395
0.5859
0.60963
0.47983
0.552
0.43231
0.62054
0.52457
0.44975
0.54136
0.5077
0.22509
0.53168
0.47354
0.5712
0.48008
0.44211
0.60069
0.48391
0.60958
0.43745
0.45673
0.50531
0.23934
0.68441
0.59269
0.44899
0.63663
0.28946
0.45216
0.55446
0.43631
0.15622
0.67695
0.57379
0.54892
0.63233
0.51074
0.48743
0.42268
0.58176
0.6158
0.29022
0.36546
0.40586
0.26033
0.26021
0.40419
0.35858
0.47362
0.573
0.43825
0.48726
0.51852
0.31274
0.54885
0.48988
0.34168
0.54104
0.64599
0.49492
0.57621
0.31229
0.49961
0.52428
0.41157
0.54424
0.40637
0.44936
0.71352
0.65854
0.40222
0.39313
0.47172
0.51704
0.36039
0.64704
0.69225
0.49218
0.5144
0.52419
0.2467
0.31387
0.56976
0.55911
0.38418
0.33185
0.46701
0.17449
0.67301
0.65134
0.59366
0.28669
0.43664
0.60877
0.38919
0.3785
0.38873
0.30759
0.68209
0.55942
0.22236
0.37846
0.49336
0.61638
0.52397
0.31508
0.37783
0.37705
0.43205
0.45897
0.46707
0.37986
0.66336
0.64858
0.39357
0.60542
0.38071
0.37927
0.35927
0.58096
0.43552
0.60411
0.47392
0.62233
0.53837
0.37397
0.6162
0.30118
0.36737
0.34127
0.80655
0.30849
0.33149
0.47441
0.68296
0.47155
0.44613
0.5271
0.59736
0.55876
0.39187
0.42111
0.52186
0.70873
0.61963
0.4028
0.29751
0.51484
0.036765
0.31505
0.63862
0.52927
0.30682
0.4545
0.34916
0.31132
0.43239
0.34051
0.56186
0.38512
0.51345
0.42461
0.48036
0.56576
0.55107
0.31221
0.39229
0.34817
0.34128
0.53989
0.64367
0.58844
0.4228
0.52885
0.50161
0.54005
0.46833
0.19507
0.30166
0.42302
0.45183
0.4845
0.3309
0.23259
0.20403
0.47127
0.2095
0.45161
0.55039
0.44342
0.19629
0.40867
0.29501
0.54957
0.49024
0.87168
0.15203
0.56884
0.51657
0.41021
0.34512
0.38197
0.37598
0.45893
0.48647
0.43602
0.41094
0.37436
0.48726
0.40086
0.59176
0.41179
0.50025
0.35017
0.51234
0.42838
0.48106
0.54048
0.64474
0.62311
0.46266
0.75004
0.64693
0.43681
0.47855
0.50167
0.47745
0.41222
0.3752
0.30572
0.65023
0.4857
0.59231
0.75002
0.39228
0.59061
0.62825
0.49675
0.32687
0.47372
0.548
0.47874
0.42344
0.54446
0.55956
0.43736
0.52884
0.50636
0.39906
0.53323
0.70567
0.3888
0.40671
0.56885
0.32974
0.51958
0.4784
0.5209
0.60597
0.3068
0.45206
0.29963
0.51092
0.64735
0.54843
0.55134
0.31376
0.67714
0.38475
0.59352
0.44164
0.61006
0.77199
0.37789
0.61749
0.65925
0.61619
0.39728
0.45094
0.38281
0.50111
0.28351
0.35984
0.44359
0.66687
0.78954
0.52125
0.43645
0.39386
0.46042
0.60028
0.59267
0.21511
0.56915
0.56569
0.53079
0.30841
0.30517
0.53215
0.47198
0.61481
0.58931
0.5446
0.73478
0.23509
0.65147
0.50562
0.50666
0.39218
0.29765
0.51473
0.74232
0.43907
0.56571
0.48215
0.35963
0.62381
0.38216
0.52772
0.45137
0.6952
0.46603
0.65677
0.72367
0.58993
0.67514
0.71245
0.45817
0.51338
0.31578
0.69495
0.79142
0.64093
0.56772
0.24405
0.38267
0.5925
0.60175
0.27144
0.43162
0.33761
0.3273
0.22411
0.45386
0.45265
0.3771
0.4324
0.54855
0.32047
0.79123
0.45973
0.50817
0.64617
0.45784
0.58413
0.6289
0.6755
0.5616
0.4247
0.51328
0.44539
0.43847
0.5925
0.33809
0.63772
0.4975
0.43592
0.55914
0.50218
0.49783
0.41172
0.20825
0.29761
0.64457
0.50631
0.70946
0.36877
0.28993
0.63271
0.49317
0.54612
0.46425
0.47902
0.23582
0.44074
0.65212
0.51962
0.47285
0.61942
0.44553
0.59518
0.6421
0.4648
0.42191
0.7845
0.42539
0.45891
0.52927
0.28737
0.75967
0.53652
0.78875
0.37955
0.53364
0.62525
0.29226
0.496
0.48494
0.7563
0.42941
0.38612
0.44417
0.51369
0.67282
0.4896
0.30702
0.43751
0.63973
0.71523
0.43206
0.39091
0.67822
0.52877
0.61533
0.47505
0.61911
0.57428
0.59437
0.46378
0.62663
0.33936
0.35697
0.36212
0.52019
0.49169
0.32993
0.32274
0.36929
0.4502
0.45646
0.51374
0.24361
0.38111
0.3615
0.559
0.26178
0.36027
0.35076
0.34238
0.44633
0.5345
0.57311
0.33269
0.51678
0.71401
0.54233
0.42478
0.34464
0.27965
0.50832
0.61346
0.68756
0.28953
0.51187
0.21265
0.49569
0.6046
0.36902
0.36035
0.44761
0.75663
0.57592
0.50436
0.53459
0.43355
0.45704
0.43463
0.76892
0.46295
0.59148
0.36166
0.57366
0.27483
0.47601
0.40713
0.53691
0.55906
0.50519
0.60963
0.5971
0.67954
0.5596
0.37239
0.52761
0.46239
0.42918
0.50541
0.38495
0.51352
0.44854
0.46112
0.68813
0.39944
0.67371
0.40261
0.41832
0.34609
0.26656
0.58116
0.45526
0.64018
0.47186
0.60973
0.63255
0.48248
0.47428
0.21075
0.49518
0.50448
0.53589
0.40332
0.57852
0.56127
0.40803
0.42168
0.23698
0.56876
0.52123
0.57541
0.47376
0.7017
0.43021
0.48332
0.42883
0.28431
0.28276
0.39584
0.41598
0.47554
0.21185
0.67308
0.45974
0.48901
0.55905
0.21828
0.51216
0.34976
0.78922
0.40002
0.53597
0.44948
0.59333
0.59559
0.49957
0.4829
0.62372
0.31401
0.31441
0.39988
0.36953
0.29929
0.65096
0.47403
0.41884
0.40973
0.54592
0.47925
0.50513
0.38918
0.38861
0.69794
0.63886
0.31806
0.15879
0.44496
0.67403
0.58622
0.49564
0.55466
0.50416
0.39198
0.45497
0.45602
0.65679
0.65958
0.26047
0.71474
0.5049
0.30062
0.72761
0.28977
0.39768
0.28578
0.55597
0.51907
0.2999
0.56835
0.44829
0.41261
0.45528
0.392
0.37132
0.49039
0.55546
0.6159
0.39007
0.55399
0.29139
0.47753
0.39681
0.50715
0.33425
0.24625
0.48036
0.60693
0.46339
0.41852
0.70674
0.4722
0.55653
0.59347
0.65618
0.4163
0.55051
0.37581
0.36299
0.4957
0.647
0.69033
0.51526
0.50687
0.32342
0.50058
0.51627
0.35899
0.44092
0.74284
0.49992
0.47156
0.55064
0.56974
0.48042
0.60491
0.49063
0.4791
0.58123
0.69388
0.5569
0.55471
0.54119
0.66061
0.29889
0.63731
0.49327
0.31305
0.70744
0.33898
0.46624
0.5131
0.45934
0.60837
0.29747
0.58939
0.71453
0.49086
0.51045
0.23679
0.29925
0.68558
0.37874
0.44272
0.63597
0.46262
0.44004
0.37784
0.54978
0.66336
0.57222
0.45601
0.45663
0.39561
0.40167
0.48964
0.63281
0.50927
0.59997
0.56072
0.56814
0.33758
0.3385
0.3606
0.38025
0.48462
0.73246
0.56114
0.39545
0.33844
0.41328
0.4689
0.75016
0.3625
0.32234
0.54967
0.7286
0.59151
0.47185
0.53241
0.59167
0.3664
0.63185
0.41106
0.19329
0.40039
0.4659
0.43003
0.47257
0.65003
0.67157
0.3891
0.84732
0.66451
0.60509
0.61805
0.38812
0.48015
0.62963
0.37978
0.41284
0.3239
0.55197
0.50247
0.35021
0.3699
0.36359
0.38727
0.71445
0.44514
0.34037
0.52695
0.37736
0.69912
0.41836
0.39117
0.43824
0.45931
0.30733
0.48847
0.54306
0.26734
0.27717
0.48657
0.26498
0.62196
0.46615
0.74718
0.44953
0.57459
0.12384
0.51715
0.351
0.28794
0.36583
0.18991
0.48453
0.48168
0.10427
0.52893
0.59884
0.62523
0.63858
0.60467
0.53857
0.78469
0.59838
0.24197
0.37664
0.36625
0.28337
0.38589
0.55674
0.6814
0.56695
0.49297
0.44348
0.44619
0.51328
0.2486
0.4254
0.51189
0.63575
0.69181
0.46206
0.44256
0.36642
0.33639
0.63281
0.42151
0.43715
0.41226
0.46095
0.49439
0.52805
0.27989
0.38353
0.65896
0.53581
0.63141
0.33367
0.3323
0.72677
0.3025
0.33308
0.5223
0.45173
0.40268
0.57872
0.3489
0.60412
0.46983
0.42036
0.38146
0.34493
0.54216
0.55578
0.59992
0.57656
0.29772
0.38085
0.69147
0.44975
0.40079
0.53851
0.29436
0.48912
0.62256
0.44691
0.56216
0.31841
0.42935
0.49136
0.32713
0.70076
0.35828
0.71664
0.57226
0.15249
0.35662
0.50594
0.49696
0.46568
0.55607
0.56037
0.58613
0.42045
0.45741
0.33232
0.44394
0.53997
0.47526
0.53429
0.4922
0.57559
0.48737
0.27022
0.59952
0.60813
0.66901
0.38601
0.56294
0.54333
0.40838
0.32105
0.53989
0.68008
0.60463
0.26212
0.59774
0.7736
0.58633
0.45658
0.32087
0.64524
0.60481
0.46193
0.59603
0.37887
0.48567
0.42666
0.26839
0.77567
0.64716
0.48632
0.44127
0.50616
0.37815
0.54929
0.50621
0.53753
0.45906
0.47646
0.63871
0.65263
0.39031
0.58234
0.83031
0.52334
0.51457
0.53506
0.32925
0.38243
0.48968
0.6511
0.6178
0.42509
0.544
0.2456
0.79747
0.59965
0.46402
0.36672
0.63649
0.64999
0.35669
0.44421
0.54143
0.55884
0.37535
0.6183
0.49369
0.67074
0.50215
0.83484
0.33469
0.75342
0.23117
0.33081
0.40999
0.54352
0.42169
0.47075
0.58291
0.61005
0.43868
0.32709
0.4803
0.44138
0.59533
0.44727
0.5689
0.51753
0.4399
0.41946
0.49765
0.58537
0.43438
0.47384
0.48262
0.56014
0.56102
0.24266
0.59472
0.47281
0.43563
0.55865
0.60467
0.37165
0.39534
0.61283
0.55513
0.22994
0.54808
0.58376
0.51648
0.3765
0.57842
0.54573
0.58143
0.62863
0.65356
0.36136
0.71478
0.43209
0.25012
0.35156
0.35535
0.3519
0.86353
0.09328
0.43575
0.42629
0.60141
0.57268
0.57679
0.29294
0.48947
0.43688
0.40052
0.52736
0.51444
0.62518
0.72272
0.44164
0.41627
0.39539
0.39803
0.31801
0.45715
0.55563
0.30198
0.37428
0.72489
0.60376
0.52888
0.15464
0.36964
0.34063
0.51643
0.45568
0.55366
0.45439
0.41275
0.58804
0.44888
0.46426
0.59419
0.74083
0.59165
0.44889
0.33929
0.553
0.65185
0.41814
0.33598
0.54822
0.44785
0.52974
0.28523
0.30933
0.397
0.6291
0.62644
0.45711
0.53331
0.32908
0.40909
0.52463
0.44519
0.71863
0.43903
0.2597
0.39938
0.42167
0.52624
0.55736
0.5246
0.33332
0.63925
0.36086
0.72985
0.47168
0.52899
0.72173
0.32179
0.63149
0.30934
0.39095
0.41533
0.49021
0.28337
0.51434
0.54711
0.3611
0.65629
0.36235
0.43781
0.62841
0.19611
0.45547
0.46346
0.34321
0.3824
0.41274
0.59551
0.5236
0.44587
0.44353
0.47873
0.46885
0.59643
0.39876
0.54075
0.57861
0.38265
0.40287
0.55251
0.51838
0.37467
0.53833
0.27927
0.41767
0.56832
0.3837
0.45208
0.5978
0.54601
0.23959
0.8338
0.45712
0.55951
0.29421
0.35689
0.50575
0.49449
0.18047
0.63056
0.73979
0.57853
0.55306
0.61444
0.76524
0.28734
0.3197
0.73115
0.3891
0.26474
0.307
0.59237
0.42357
0.41113
0.16786
0.35965
0.54226
0.58174
0.41292
0.74796
0.74071
0.43521
0.35501
0.60541
0.40929
0.31518
0.62405
0.59227
0.61353
0.403
0.58879
0.49901
0.24402
0.36882
0.2824
0.69849
0.50019
0.38446
0.5218
0.41089
0.23121
0.3972
0.40352
0.37647
0.31068
0.57049
0.26718
0.47199
0.33057
0.68706
0.3784
0.53137
0.31393
0.58507
0.37656
0.39361
0.53413
0.4597
0.47904
0.34335
0.22687
0.37452
0.5737
0.43267
0.56017
0.39627
0.47244
0.45767
0.54603
0.51316
0.58862
0.57498
0.51717
0.41825
0.42157
0.56
0.58043
0.4781
0.21689
0.72601
0.46763
0.61069
0.51827
0.52134
0.42364
0.47334
0.55151
0.59488
0.49736
0.55618
0.49149
0.45894
0.69627
0.58516
0.64215
0.59744
0.71873
0.48978
0.51283
0.35551
0.56741
0.364
0.69505
0.53338
0.38055
0.65916
0.43666
0.43083
0.6608
0.29805
0.65172
0.52194
0.45181
0.57603
0.63075
0.54068
0.50522
0.35783
0.45911
0.34784
0.53764
0.63381
0.4122
0.43446
0.16681
0.40999
0.50147
0.40787
0.50181
0.34476
0.53016
0.61066
0.42583
0.64882
0.28744
0.44956
0.41992
0.56836
0.43151
0.44235
0.59549
0.43912
0.58828
0.36588
0.49256
0.32959
0.49376
0.40451
0.29624
0.50471
0.2653
0.61095
0.51366
0.62528
0.58235
0.3896
0.37233
0.63868
0.61866
0.45844
0.48978
0.26514
0.34053
0.4683
0.45199
0.47921
0.7511
0.46353
0.54104
0.47474
0.5913
0.21187
0.6366
0.81706
0.34184
0.49648
0.38835
0.42957
0.55108
0.14648
0.44463
0.4253
0.26792
0.60008
0.62135
0.54255
0.57698
0.28814
0.53383
0.58385
0.39712
0.37696
0.42063
0.51733
0.39746
0.2996
0.47378
0.52801
0.38199
0.63471
0.62145
0.58471
0.3066
0.28991
0.49299
0.42888
0.49876
0.27182
0.62073
0.36985
0.54206
0.41769
0.28574
0.26669
0.42091
0.66514
0.41214
0.32639
0.53078
0.202
0.36309
0.64827
0.3554
0.50124
0.5328
0.80739
0.67655
0.09193
0.41951
0.71243
0.60177
0.15525
0.56615
0.43959
0.49083
0.37968
0.46738
0.60114
0.36393
0.43913
0.57557
0.33757
0.5183
0.54151
0.4747
0.41054
0.42169
0.31487
0.60176
0.48421
0.16498
0.24807
0.20397
0.31496
0.63842
0.54951
0.26837
0.47836
0.35478
0.33155
0.63527
0.24975
0.42347
0.51114
0.44557
0.49367
0.54447
0.51757
0.73667
0.49544
0.50414
0.62743
0.36575
0.46034
0.4661
0.48652
0.65155
0.6105
0.51888
0.53868
0.59498
0.7115
0.76441
0.40414
0.53462
0.46273
0.41627
0.66811
0.41791
0.61381
0.3076
0.61974
0.36363
0.72973
0.51314
0.60006
0.52204
0.36086
0.63667
0.5511
0.34009
0.61377
0.45483
0.57255
0.40048
0.40131
0.51113
0.5319
0.34527
0.43863
0.38779
0.375
0.45882
0.39446
0.2738
0.51298
0.55515
0.63581
0.55934
0.35892
0.40081
0.65673
0.56007
0.50581
0.31787
0.51412
0.5236
0.44744
0.51669
0.26763
0.50865
0.36492
0.51289
0.4082
0.27281
0.41332
0.3748
0.26321
0.47601
0.38491
0.46747
0.62395
0.45018
0.60686
0.52404
0.2619
0.67197
0.42392
0.48031
0.5558
0.52127
0.50043
0.48213
0.41538
0.56286
0.29252
0.39514
0.49769
0.60846
0.50215
0.39346
0.485
0.43363
0.26283
0.61169
0.45536
0.28837
0.56676
0.30983
0.56091
0.57462
0.48997
0.57949
0.38215
0.5912
0.71714
0.50425
0.53481
0.48044
0.39314
0.49286
0.54956
0.38221
0.42943
0.31411
0.66981
0.47064
0.49529
0.73149
0.51387
0.44961
0.30214
0.53517
0.52787
0.4063
0.54849
0.74814
0.41679
0.5725
0.45149
0.37535
0.56648
0.44607
0.5605
0.43601
0.50695
0.65737
0.16212
0.41553
0.56679
0.39982
0.2519
0.65919
0.25916
0.35602
0.59347
0.48441
0.51809
0.64582
0.63231
0.57155
0.46896
0.53806
0.78353
0.52224
0.57818
0.44628
0.69068
0.66922
0.40896
0.62585
0.42859
0.4835
0.43879
0.67962
0.72771
0.39956
0.42737
0.41983
0.30163
0.50718
0.63567
0.22097
0.53534
0.5003
0.39383
0.378
0.52569
0.5191
0.40592
0.43094
0.34559
0.4561
0.64913
0.66436
0.25534
0.60653
0.48806
0.30324
0.73559
0.49068
0.63844
0.40621
0.43027
0.53432
0.50984
0.44743
0.73581
0.65293
0.52646
0.56415
0.36118
0.42142
0.65932
0.52402
0.57523
0.58841
0.64489
0.65378
0.23752
0.36495
0.47703
0.32071
0.58917
0.5281
0.31833
0.1859
0.66931
0.69386
0.63726
0.28461
0.4144
0.42217
0.45294
0.35499
0.27737
0.55068
0.62569
0.37923
0.45544
0.68204
0.24048
0.53915
0.61725
0.65407
0.5781
0.46538
0.42237
0.66364
0.51308
0.53454
0.49864
0.62989
0.45734
0.43537
0.10348
0.51923
0.45751
0.44518
0.47246
0.53058
0.61834
0.76713
0.67517
0.58567
0.58614
0.60226
0.27655
0.5774
0.63311
0.69217
0.55027
0.38402
0.27088
0.69754
0.50644
0.44942
0.77588
0.43199
0.59467
0.51394
0.58099
0.3432
0.40521
0.13207
0.41539
0.37578
0.22508
0.57874
0.3825
0.3125
0.48882
0.49008
0.47427
0.62892
0.44562
0.37889
0.70599
0.5816
0.60962
0.40035
0.0076733
0.47532
0.50203
0.40137
0.54946
0.53636
0.61397
0.31905
0.46851
0.75807
0.30383
0.47462
0.3274
0.62541
0.46967
0.29856
0.22929
0.4604
0.57599
0.70516
0.37735
0.37627
0.61552
0.62209
0.41823
0.44464
0.55686
0.32192
0.48847
0.49045
0.49647
0.4892
0.48073
0.4029
0.60975
0.66639
0.81664
0.49347
0.47961
0.40881
0.52918
0.60109
0.49018
0.7035
0.35852
0.54617
0.37931
0.54597
0.40853
0.31039
0.5806
0.60921
0.52387
0.50658
0.47585
0.4093
0.41955
0.57395
0.40685
0.30405
0.4899
0.697
0.47516
0.51993
0.53579
0.51224
0.54669
0.57567
0.50769
0.51424
0.6476
0.50395
0.48813
0.45216
0.48169
0.35256
0.55384
0.47645
0.62281
0.48396
0.52937
0.31697
0.69329
0.60479
0.57826
0.54288
0.24688
0.55712
0.76708
0.69669
0.60207
0.41613
0.63937
0.32426
0.2834
0.47923
0.34836
0.61134
0.3847
0.69184
0.10371
0.49186
0.5999
0.51632
0.53764
0.37387
0.52367
0.4481
0.68899
0.44209
0.46652
0.41905
0.58286
0.74254
0.50529
0.39984
0.55221
0.51972
0.40901
0.39464
0.64583
0.56631
0.3425
0.45172
0.52131
0.35102
0.37945
0.51321
0.59383
0.44944
0.35582
0.78598
0.68139
0.2921
0.51176
0.80536
0.70142
0.47546
0.49443
0.45943
0.71827
0.56158
0.32865
0.39079
0.31622
0.34756
0.3875
0.47909
0.44249
0.42108
0.13983
0.48586
0.33082
0.73314
0.50657
0.34421
0.52547
0.67166
0.49379
0.52989
0.67137
0.44708
0.48032
0.46532
0.27339
0.40765
0.50144
0.69887
0.45684
0.70787
0.55741
0.42335
0.46693
0.31877
0.51915
0.35457
0.58874
0.50109
0.46645
0.71452
0.77529
0.6727
0.70456
0.41741
0.40979
0.39578
0.52789
0.41788
0.56116
0.52753
0.49793
0.55207
0.33721
0.38674
0.18944
0.47111
0.59128
0.59678
0.36734
0.23553
0.48314
0.49396
0.34933
0.62829
0.45129
0.63489
0.57401
0.388
0.56488
0.24247
0.37669
0.71053
0.53649
0.62292
0.52363
0.63061
0.78086
0.75159
0.4601
0.49613
0.59188
0.27993
0.51727
0.43612
0.42474
0.6102
0.26603
0.5917
0.35124
0.31992
0.33533
0.56983
0.51682
0.24829
0.76673
0.51478
0.48714
0.35222
0.58912
0.65479
0.38921
0.42526
0.84291
0.47674
0.77566
0.52003
0.48823
0.48492
0.67225
0.55521
0.57411
0.3576
0.55571
0.53316
0.4735
0.46575
0.43675
0.63242
0.59632
0.68723
0.34863
0.42432
0.4922
0.56682
0.28333
0.53658
0.68579
0.5181
0.56466
0.51038
0.71227
0.39092
0.72253
0.52146
0.64402
0.70193
0.23551
0.4734
0.59973
0.51212
0.5026
0.49282
0.51519
0.45591
0.51304
0.5804
0.53356
0.64028
0.59724
0.5212
0.63444
0.7869
0.57252
0.72313
0.55128
0.57833
0.38578
0.49911
0.27418
0.52717
0.41468
0.4027
0.68031
0.45517
0.37929
0.5732
0.24104
0.20131
0.60129
0.35755
0.45854
0.66247
0.40027
0.39931
0.40001
0.82912
0.6435
0.73471
0.40395
0.40592
0.64582
0.45539
0.36065
0.45592
0.57256
0.45779
0.59402
0.46763
0.59187
0.53393
0.49749
0.41818
0.66284
0.381
0.51503
0.50677
0.37618
0.53723
0.45856
0.36292
0.56093
0.52622
0.50448
0.36462
0.57036
0.69439
0.50198
0.41276
0.33242
0.38507
0.55317
0.44117
0.45054
0.72992
0.52858
0.79455
0.74418
0.84167
0.60532
0.60715
0.29947
0.57598
0.45944
0.64686
0.44783
0.56861
0.58679
0.25296
0.36226
0.55728
0.26669
0.30849
0.19885
0.48745
0.30892
0.66112
0.38902
0.46014
0.58141
0.44261
0.52325
0.48923
0.60401
0.67721
0.43203
0.47374
0.53304
0.45768
0.33481
0.57466
0.55079
0.56788
0.34059
0.54469
0.39865
0.46154
0.32909
0.3583
0.69361
0.41028
0.68641
0.65389
0.49211
0.55951
0.50079
0.38853
0.56336
0.65783
0.64685
0.32694
0.33675
0.50051
0.54716
0.51714
0.72583
0.34101
0.59736
0.32063
0.59278
0.52652
0.46438
0.36742
0.41469
0.81604
0.46549
0.62395
0.74245
0.3995
0.27236
0.41401
0.5274
0.45525
0.60139
0.40197
0.48874
0.55855
0.45136
0.41189
0.36516
0.54452
0.59807
0.57054
0.47221
0.49029
0.6151
0.42926
0.46936
0.27838
0.55346
0.56996
0.50371
0.60068
0.57897
0.68225
0.24443
0.25534
0.5562
0.46834
0.61784
0.50846
0.19962
0.32884
0.43642
0.44734
0.48516
0.45068
0.45741
0.70736
0.57046
0.37104
0.49533
0.60038
0.37612
0.61955
0.67013
0.45541
0.48744
0.50474
0.45939
0.5655
0.73331
0.54713
0.70944
0.29155
0.18861
0.70464
0.41235
0.50297
0.4532
0.32972
0.63952
0.597
0.57317
0.43266
0.45891
0.47706
0.56675
0.48306
0.38868
0.35193
0.58343
0.29539
0.4238
0.41264
0.36819
0.43383
0.38473
0.37387
0.60866
0.46233
0.49989
0.69209
0.45578
0.30036
0.69386
0.43286
0.08207
0.46046
0.52159
0.62587
0.52722
0.31256
0.44117
0.57063
0.62581
0.62415
0.57445
0.46795
0.54262
0.51463
0.43885
0.60114
0.56704
0.58723
0.35506
0.30112
0.37954
0.70308
0.64701
0.59486
0.65045
0.33528
0.38268
0.55481
0.35492
0.57162
0.34713
0.42569
0.47477
0.43882
0.66826
0.62836
0.39258
0.39204
0.29002
0.62363
0.52979
0.43118
0.85699
0.2716
0.46059
0.34506
0.56454
0.66106
0.29866
0.3513
0.4713
0.27405
0.42129
0.62405
0.42837
0.52503
0.43408
0.65419
0.30405
0.66996
0.60071
0.48744
0.55409
0.54718
0.085247
0.27152
0.58038
0.62968
0.5617
0.55579
0.61852
0.47867
0.37079
0.53367
0.49937
0.46646
0.41627
0.44662
0.58036
0.32645
0.5593
0.22404
0.45411
0.38709
0.45567
0.43894
0.25733
0.66618
0.62001
0.46649
0.30661
0.37664
0.41935
0.55045
0.29275
0.50336
0.31726
0.703
0.54137
0.34068
0.66675
0.41237
0.70282
0.57165
0.41244
0.56042
0.49924
0.67617
0.6496
0.57763
0.57677
0.73513
0.44659
0.47663
0.38256
0.3817
0.77707
0.51604
0.32686
0.4282
0.27083
0.68291
0.65885
0.39269
0.45398
0.55505
0.67999
0.47215
0.37846
0.43348
0.73511
0.42863
0.69483
0.48906
0.26681
0.39147
0.39244
0.31494
0.32419
0.39035
0.14422
0.29074
0.36066
0.63302
0.51438
0.67932
0.494
0.32669
0.41867
0.60871
0.7639
0.49009
0.59793
0.58533
0.1949
0.36261
0.15688
0.45889
0.41779
0.31251
0.40301
0.4065
0.25886
0.36346
0.43273
0.61151
0.45369
0.40966
0.39719
0.21058
0.34053
0.44193
0.45932
0.23784
0.38956
0.53708
0.37472
0.28138
0.24179
0.72478
0.55736
0.48434
0.34337
0.41224
0.37684
0.36405
0.34271
0.41701
0.40911
0.7704
0.47413
0.59072
0.63549
0.58406
0.59943
0.50031
0.3491
0.60085
0.64016
0.43435
0.41801
0.35685
0.50911
0.48104
0.41889
0.58521
0.18966
0.50397
0.2785
0.73812
0.59997
0.294
0.83846
0.44523
0.48578
0.49587
0.44968
0.68211
0.29886
0.51159
0.26966
0.62234
0.5892
0.46138
0.53817
0.57622
0.61626
0.275
0.62893
0.55264
0.42556
0.40941
0.63391
0.39215
0.37775
0.69698
0.61113
0.49752
0.46035
0.62079
0.5923
0.45847
0.27966
0.58182
0.33781
0.41872
0.56409
0.39891
0.36895
0.63509
0.2243
0.41396
0.46978
0.51987
0.30605
0.57711
0.49126
0.68271
0.53024
0.52078
0.32046
0.28821
0.62284
0.48953
0.47374
0.40632
0.11087
0.54084
0.28921
0.68177
0.541
0.56973
0.58406
0.55067
0.53412
0.43301
0.51302
0.48045
0.36787
0.47627
0.41757
0.65016
0.4853
0.7031
0.62326
0.39278
0.40716
0.53918
0.53034
0.44532
0.63416
0.54076
0.66706
0.24207
0.41567
0.41132
0.23704
0.48172
0.53813
0.52801
0.41915
0.51621
0.60775
0.66845
0.37631
0.81387
0.46259
0.49939
0.68203
0.61028
0.48527
0.57427
0.4901
0.49254
0.43796
0.70584
0.31226
0.58348
0.49797
0.52036
0.6019
0.56034
0.52859
0.4645
0.48371
0.59426
0.3346
0.47587
0.42469
0.38473
0.55139
0.39563
0.40186
0.71401
0.29175
0.52963
0.27327
0.44839
0.36595
0.26413
0.33406
0.6458
0.42639
0.42294
0.55825
0.21517
0.44525
0.63532
0.39924
0.83904
0.76228
0.50352
0.4854
0.44977
0.31885
0.45712
0.39818
0.62797
0.42205
0.54864
0.55203
0.48447
0.62888
0.44755
0.68512
0.42958
0.52057
0.5354
0.49418
0.59674
0.6238
0.495
0.44219
0.556
0.45514
0.47038
0.56724
0.43246
0.5059
0.50193
0.4948
0.62353
0.59629
0.54785
0.71221
0.53921
0.44174
0.44459
0.49185
0.36039
0.36466
0.58495
0.55831
0.50028
0.3797
0.55826
0.59415
0.17574
0.35088
0.17891
0.34344
0.38525
0.47367
0.58281
0.41616
0.47809
0.3497
0.45108
0.45882
0.43229
0.44659
0.70308
0.51092
0.36857
0.5126
0.59949
0.14765
0.35085
0.63504
0.34772
0.58707
0.59931
0.51355
0.5974
0.40888
0.4063
0.62813
0.39422
0.45224
0.63188
0.42543
0.33625
0.48964
0.44636
0.64173
0.45864
0.3708
0.46528
0.37051
0.53916
0.49006
0.38653
0.56583
0.4034
0.61532
0.37383
0.56599
0.58762
0.74171
0.36497
0.4865
0.44022
0.29288
0.23749
0.2579
0.40281
0.57895
0.35503
0.63187
0.33187
0.7007
0.61568
0.3833
0.6259
0.14582
0.54938
0.60072
0.59187
0.43821
0.57324
0.58346
0.54108
0.51449
0.42535
0.38213
0.62143
0.60464
0.62932
0.36067
0.61474
0.72231
0.36351
0.44262
0.69767
0.30033
0.59334
0.52606
0.69655
0.51549
0.48431
0.43108
0.65514
0.59896
0.40903
0.30758
0.31322
0.57696
0.45686
0.6227
0.6061
0.61878
0.36001
0.47438
0.40983
0.64083
0.38393
0.40219
0.51086
0.46923
0.58241
0.26785
0.49868
0.63165
0.5556
0.36884
0.33896
0.38471
0.75086
0.51221
0.52575
0.48295
0.65532
0.37044
0.61207
0.7217
0.26268
0.63554
0.3944
0.42151
0.67029
0.32287
0.56188
0.39176
0.47894
0.47235
0.45302
0.33074
0.50301
0.48732
0.35575
0.41171
0.59876
0.34109
0.31372
0.61148
0.32908
0.30732
0.41343
0.3633
0.51775
0.4961
0.43078
0.74041
0.66657
0.81765
0.36603
0.39502
0.47911
0.30599
0.52815
0.38085
0.52581
0.4547
0.30369
0.49798
0.46441
0.39616
0.33454
0.60019
0.59659
0.44074
0.48584
0.35542
0.53439
0.46655
0.57205
0.41222
0.7591
0.47069
0.34512
0.53925
0.51813
0.44826
0.18863
0.71356
0.60322
0.5665
0.50671
0.72299
0.58524
0.46373
0.4642
0.55224
0.47055
0.4869
0.46863
0.31224
0.43991
0.38705
0.16165
0.55565
0.70351
0.3159
0.73039
0.73465
0.68185
0.49981
0.33728
0.39589
0.26643
0.4974
0.50315
0.48997
0.52761
0.23002
0.44332
0.34668
0.43854
0.59385
0.50736
0.75196
0.58104
0.42288
0.16317
0.56527
0.3848
0.37029
0.45768
0.4391
0.34262
0.33768
0.5727
0.59502
0.65051
0.41245
0.40767
0.49722
0.38395
0.16575
0.56463
0.29721
0.58059
0.2109
0.35531
0.52804
0.64689
0.61296
0.31233
0.51264
0.24789
0.51765
0.24898
0.49474
0.436
0.37161
0.55223
0.21483
0.58593
0.4289
0.36124
0.33409
0.62714
0.58127
0.64058
0.37837
0.58102
0.49813
0.41194
0.3766
0.49102
0.61563
0.41466
0.37068
0.51959
0.57115
0.49873
0.45783
0.5506
0.49687
0.546
0.48539
0.42162
0.71507
0.72746
0.37168
0.48339
0.73185
0.4677
0.40376
0.30454
0.52761
0.70087
0.53132
0.8574
0.34603
0.29219
0.50928
0.615
0.35406
0.60689
0.29303
0.51322
0.34737
0.4158
0.51298
0.67673
0.28454
0.32684
0.62238
0.63067
0.40155
0.43193
0.27778
0.33632
0.58411
0.57271
0.57031
0.49767
0.65259
0.41447
0.56777
0.54926
0.4307
0.4564
0.68706
0.55744
0.491
0.5308
0.46252
0.57614
0.3789
0.77318
0.67695
0.29309
0.68174
0.59359
0.64084
0.62331
0.45249
0.33661
0.64795
0.52734
0.49691
0.22919
0.47961
0.56454
0.42288
0.3149
0.34911
0.50593
0.60804
0.79136
0.48051
0.7153
0.48901
0.45578
0.59941
0.44593
0.60872
0.67345
0.46509
0.18404
0.5141
0.36219
0.54999
0.68244
0.69076
0.62333
0.5137
0.49403
0.60269
0.41367
0.46901
0.54762
0.3405
0.31273
0.6116
0.30123
0.44266
0.4013
0.44861
0.4651
0.63408
0.60376
0.45033
0.25211
0.37476
0.55873
0.40822
0.61534
0.48177
0.74926
0.44888
0.49991
0.32476
0.3094
0.20561
0.34166
0.57078
0.33676
0.58631
0.47347
0.47568
0.49277
0.61351
0.82005
0.42195
0.39419
0.37219
0.7034
0.37208
0.51347
0.44346
0.20409
0.57755
0.47398
0.46772
0.47657
0.39554
0.12598
0.3627
0.57592
0.33895
0.42276
0.40811
0.42336
0.17668
0.55491
0.67431
0.42951
0.36622
0.31856
0.57218
0.38079
0.34568
0.45795
0.65064
0.52476
0.64648
0.41241
0.26922
0.21882
0.51477
0.28373
0.44482
0.44149
0.58019
0.39838
0.52824
0.41943
0.4391
0.43758
0.48332
0.30586
0.40134
0.38458
0.33089
0.40798
0.48964
0.55253
0.37933
0.51801
0.43693
0.13964
0.71864
0.4754
0.3283
0.30956
0.51954
0.68907
0.49567
0.44353
0.58287
0.6192
0.48806
0.46508
0.40892
0.41188
0.4347
0.54248
0.56478
0.33098
0.29353
0.55464
0.49751
0.52382
0.56543
0.62621
0.44562
0.2863
0.33872
0.59834
0.46487
0.48477
0.48315
0.45327
0.58994
0.34083
0.54573
0.37092
0.37197
0.61853
0.54153
0.39614
0.27259
0.46717
0.248
0.46798
0.4017
0.4124
0.73788
0.07309
0.35854
0.4397
0.82835
0.45134
0.39794
0.65636
0.56816
0.59934
0.5046
0.53939
0.67171
0.39664
0.5394
0.35696
0.2591
0.27849
0.37911
0.32326
0.56199
0.42077
0.32461
0.41948
0.51679
0.39111
0.43165
0.5663
0.49514
0.85192
0.53404
0.38594
0.54727
0.32172
0.59997
0.49824
0.58565
0.44256
0.58428
0.32583
0.18766
0.43822
0.32794
0.31657
0.41294
0.31597
0.40302
0.37766
0.68052
0.55469
0.56423
0.40009
0.5247
0.61689
0.3719
0.54994
0.40323
0.40273
0.57231
0.63368
0.47254
0.36483
0.80305
0.31176
0.2472
0.26593
0.71529
0.74849
0.19774
0.47446
0.49164
0.5063
0.76247
0.52218
0.58083
0.38662
0.74589
0.37453
0.48833
0.57916
0.62536
0.71145
0.5044
0.16112
0.72962
0.63773
0.57538
0.53964
0.42315
0.38903
0.58307
0.42816
0.42944
0.5757
0.67556
0.76235
0.48585
0.48904
0.37727
0.45298
0.46025
0.68881
0.26913
0.65048
0.35763
0.46167
0.73348
0.70953
0.22643
0.41688
0.49716
0.40343
0.45656
0.55544
0.55022
0.34879
0.53331
0.70581
0.58302
0.71352
0.55062
0.35346
0.38741
0.54682
0.51485
0.63653
0.61619
0.49587
0.53386
0.65411
0.3472
0.52935
0.52021
0.38498
0.51847
0.49679
0.5083
0.45366
0.41606
0.42692
0.36941
0.29969
0.66216
0.53823
0.39769
0.66593
0.5017
0.3536
0.52835
0.68537
0.56438
0.63364
0.52672
0.59055
0.18679
0.6979
0.78031
0.33533
0.35078
0.5722
0.29569
0.43286
0.60483
0.56121
0.60988
0.3972
0.47729
0.56695
0.48675
0.38122
0.46382
0.35491
0.66469
0.26357
0.6627
0.52676
0.35647
0.087291
0.63018
0.68172
0.57007
0.38746
0.42539
0.38482
0.67181
0.42164
0.64477
0.15388
0.26573
0.63098
0.59911
0.40503
0.76893
0.50939
0.3381
0.61957
0.57714
0.65274
0.46585
0.66406
0.29878
0.4889
0.79741
0.27082
0.43785
0.42825
0.5271
0.47131
0.56707
0.57445
0.39117
0.43423
0.92392
0.42785
0.24004
0.42311
0.40369
0.41982
0.35573
0.33952
0.5706
0.62521
0.36322
0.39885
0.55347
0.78277
0.35966
0.4411
0.6017
0.44562
0.42512
0.47679
0.35577
0.34275
0.55897
0.24831
0.53434
0.50774
0.60008
0.62524
0.49571
0.49757
0.58242
0.266
0.83454
0.38016
0.34716
0.51388
0.32906
0.49445
0.72501
0.49169
0.63157
0.70297
0.37082
0.64795
0.54301
0.40629
0.41263
0.4887
0.30402
0.6498
0.45481
0.54581
0.35381
0.36939
0.61191
0.50407
0.62033
0.2865
0.66911
0.59439
0.38634
0.37131
0.40111
0.57809
0.5203
0.49872
0.32583
0.54701
0.48416
0.42408
0.46399
0.35536
0.47906
0.50861
0.68527
0.58968
0.38888
0.40228
0.51731
0.17742
0.46906
0.6793
0.7203
0.45705
0.41486
0.55013
0.46964
0.50577
0.5853
0.47088
0.4884
0.31032
0.51667
0.25508
0.556
0.40465
0.24286
0.49267
0.61131
0.34832
0.58073
0.54349
0.52213
0.50445
0.3662
0.44354
0.42753
0.33629
0.74271
0.62835
0.36019
0.30785
0.5135
0.60914
0.35833
0.20706
0.4208
0.32268
0.34451
0.45817
0.48563
0.35169
0.3551
0.45059
0.5593
0.63511
0.43613
0.46928
0.53557
0.37199
0.4608
0.48244
0.61129
0.72582
0.51239
0.3283
0.29202
0.64152
0.61436
0.61525
0.60763
0.43469
0.4673
0.34257
0.4367
0.45037
0.23751
0.59398
0.40857
0.329
0.49298
0.24233
0.57658
0.65911
0.48887
0.46516
0.35412
0.55055
0.52408
0.39513
0.52961
0.351
0.41149
0.55967
0.2938
0.44557
0.36458
0.28874
0.35776
0.51164
0.24036
0.50431
0.53879
0.51763
0.55229
0.50946
0.56026
0.45823
0.52613
0.78073
0.31726
0.6215
0.2658
0.41993
0.49221
0.50247
0.43941
0.6765
0.70236
0.43618
0.13057
0.49041
0.56247
0.55223
0.49892
0.42106
0.38973
0.60629
0.48347
0.49389
0.46438
0.43147
0.53014
0.29487
0.20007
0.43525
0.34161
0.41611
0.61095
0.68624
0.5464
0.61399
0.41371
0.48743
0.81025
0.6228
0.4312
0.56006
0.5104
0.57002
0.26124
0.54842
0.68783
0.63849
0.66271
0.37113
0.66218
0.45914
0.19377
0.47848
0.12837
0.56608
0.66582
0.34403
0.50823
0.48436
0.48529
0.5117
0.5917
0.41534
0.61546
0.59532
0.54426
0.45613
0.37811
0.48383
0.43977
0.63569
0.51185
0.44958
0.56329
0.42058
0.33642
0.74629
0.46056
0.68538
0.46411
0.56402
0.53141
0.24237
0.52727
0.68156
0.35592
0.41041
0.66617
0.54964
0.71307
0.51684
0.52421
0.26498
0.48666
0.47739
0.57381
0.36802
0.53584
0.60743
0.67391
0.30329
0.32442
0.44325
0.54343
0.30289
0.42022
0.081167
0.29464
0.4343
0.60471
0.49473
0.50536
0.38969
0.41558
0.35924
0.57228
0.51613
0.65453
0.4101
0.44744
0.493
0.5346
0.36096
0.56198
0.39451
0.31181
0.35643
0.39875
0.41358
0.58859
0.3814
0.45325
0.61987
0.52347
0.50355
0.54716
0.73052
0.59314
0.56356
0.52063
0.60442
0.4274
0.34696
0.5337
0.40869
0.62097
0.23234
0.31843
0.61443
0.55693
0.52812
0.37204
0.48852
0.57385
0.32104
0.52402
0.57084
0.29285
0.21014
0.26169
0.6033
0.83195
0.50627
0.38284
0.5769
0.35771
0.46213
0.56714
0.56336
0.49936
0.42522
0.48422
0.254
0.59287
0.67766
0.57076
0.36904
0.44279
0.49954
0.4648
0.47056
0.31992
0.49935
0.42534
0.46382
0.30239
0.47491
0.42872
0.36642
0.59526
0.53216
0.40439
0.4364
0.36719
0.41728
0.34637
0.47286
0.57795
0.63412
0.45821
0.43094
0.57639
0.47875
0.52113
0.71914
0.55383
0.34771
0.2236
0.5004
0.4947
0.55215
0.73605
0.40365
0.54306
0.34727
0.61126
0.61729
0.51718
0.55882
0.60952
0.56884
0.59384
0.53545
0.51237
0.6765
0.46193
0.54251
0.37715
0.6773
0.60394
0.61781
0.37741
0.82483
0.49199
0.37804
0.52464
0.76381
0.38155
0.71223
0.52124
0.36025
0.30594
0.46836
0.34607
0.64819
0.47268
0.55067
0.2686
0.45565
0.67641
0.38883
0.48336
0.46882
0.16467
0.50904
0.30033
0.41448
0.9674
0.56346
0.57282
0.37109
0.70245
0.50474
0.26956
0.45131
0.37088
0.32491
0.53752
0.59577
0.45136
0.52396
0.18567
0.45114
0.42925
0.57969
0.38458
0.48463
0.57888
0.51789
0.75925
0.34801
0.47137
0.63213
0.47193
0.47215
0.62177
0.57943
0.21747
0.48473
0.43882
0.39079
0.66296
0.60276
0.50438
0.64063
0.71854
0.53014
0.19161
0.25977
0.59286
0.27687
0.67864
0.55345
0.23656
0.53654
0.2909
0.62191
0.68553
0.46894
0.46775
0.25392
0.59113
0.29643
0.63821
0.35352
0.51898
0.42705
0.44738
0.49027
0.54936
0.44475
0.40467
0.51047
0.45054
0.55236
0.60568
0.47628
0.35151
0.4915
0.24115
0.39255
0.54769
0.44019
0.44888
0.6157
0.2601
0.29205
0.50881
0.5951
0.56546
0.62524
0.2516
0.41513
0.64933
0.38682
0.49915
0.46856
0.23538
0.37736
0.46868
0.67292
0.43506
0.37867
0.3304
0.56216
0.34388
0.42261
0.63559
0.56891
0.42562
0.5145
0.5044
0.63844
0.30959
0.36383
0.38817
0.63291
0.45423
0.32045
0.30275
0.51605
0.44322
0.20421
0.38876
0.4349
0.33481
0.47503
0.74423
0.59288
0.49107
0.27951
0.45136
0.55027
0.46917
0.478
0.3307
0.57909
0.41182
0.50115
0.32514
0.51196
0.6145
0.38106
0.42429
0.31074
0.65298
0.67295
0.6658
0.25832
0.60527
0.19097
0.44536
0.49594
0.51847
0.42459
0.38327
0.39636
0.41466
0.31917
0.43965
0.62972
0.49044
0.5407
0.74449
0.55743
0.71177
0.46878
0.235
0.37675
0.618
0.58347
0.4603
0.53943
0.56994
0.5053
0.39482
0.53463
0.49607
0.73845
0.8527
0.63839
0.75982
0.54923
0.426
0.42056
0.56525
0.49626
0.36674
0.69868
0.57109
0.38461
0.44327
0.32138
0.34506
0.59959
0.23927
0.54139
0.52003
0.45844
0.51626
0.59393
0.37365
0.49894
0.39805
0.39314
0.53554
0.4238
0.35927
0.31916
0.4545
0.35429
0.50998
0.46205
0.25018
0.39143
0.6014
0.52134
0.34318
0.54411
0.35463
0.5692
0.50103
0.71357
0.69284
0.72042
0.69654
0.59509
0.66171
0.50194
0.26934
0.56704
0.45244
0.37577
0.38746
0.54282
0.30326
0.41542
0.44048
0.34245
0.43999
0.58497
0.36531
0.25755
0.98481
0.40862
0.44866
0.55822
0.30938
0.6478
0.45776
0.61101
0.76103
0.35346
0.4478
0.46883
0.78434
0.59789
0.44075
0.66563
0.27014
0.56945
0.39911
0.40038
0.46303
0.45992
0.443
0.46892
0.41977
0.49222
0.46854
0.40649
0.52281
0.49758
0.67571
0.45655
0.29657
0.57891
0.46747
0.60169
0.36609
0.4304
0.56295
0.53894
0.39151
0.76735
0.32278
0.51026
0.40303
0.5364
0.49741
0.68923
0.47022
0.56894
0.43844
0.7219
0.25748
0.39004
0.26563
0.37509
0.42294
0.56538
0.54019
0.65263
0.65525
0.62434
0.3489
0.50525
0.67046
0.51397
0.59773
0.31074
0.41372
0.43221
0.31552
0.30082
0.42543
0.44057
0.52609
0.59383
0.45678
0.40572
0.43985
0.51676
0.447
0.39016
0.25662
0.40555
0.51469
0.60466
0.473
0.48837
0.55787
0.60991
0.29405
0.25875
0.65266
0.74446
0.72253
0.34785
0.4043
0.42505
0.35079
0.46548
0.35131
0.62966
0.58049
0.61687
0.7963
0.62321
0.4483
0.54623
0.3322
0.65823
0.53589
0.55742
0.43648
0.50652
0.3414
0.39689
0.37136
0.29491
0.70394
0.45879
0.46578
0.30732
0.37767
0.26017
0.51441
0.45205
0.24833
0.42157
0.50256
0.48644
0.60548
0.36245
0.40931
0.34716
0.4335
0.51045
0.42493
0.68817
0.30195
0.28569
0.50789
0.61136
0.35099
0.22908
0.58369
0.48315
0.2247
0.47354
0.53187
0.32182
0.57305
0.43064
0.47084
0.66756
0.25535
0.27911
0.58744
0.35865
0.52623
0.5798
0.59273
0.38648
0.6936
0.75248
0.71281
0.37435
0.65505
0.68475
0.16291
0.44917
0.42699
0.59641
0.39035
0.34471
0.56661
0.64804
0.57498
0.5004
0.50512
0.58321
0.37953
0.47278
0.71213
0.61192
0.45576
0.45847
0.2237
0.79766
0.31608
0.46423
0.62264
0.54025
0.3796
0.56576
0.45287
0.21363
0.3576
0.43062
0.67002
0.49559
0.58014
0.3805
0.38804
0.56149
0.59979
0.61973
0.66639
0.59527
0.36133
0.49654
0.48176
0.82615
0.37367
0.65429
0.37099
0.4134
0.67021
0.51951
0.60437
0.51764
0.27491
0.67095
0.59736
0.47838
0.77554
0.60905
0.56911
0.35781
0.54067
0.47383
0.57355
0.42084
0.62905
0.30974
0.57796
0.52361
0.055808
0.3167
0.56855
0.40326
0.50659
0.54139
0.52963
0.47176
0.59753
0.47571
0.31419
0.70618
0.32507
0.47446
0.52404
0.52014
0.52859
0.35666
0.28123
0.6647
0.33578
0.61954
0.64539
0.64862
0.34459
0.63395
0.55219
0.40295
0.52175
0.53895
0.40064
0.45072
0.56388
0.59388
0.48641
0.60315
0.38826
0.59476
0.47944
0.43282
0.65749
0.32893
0.32858
0.50441
0.44178
0.35346
0.6647
0.52916
0.63686
0.5221
0.44044
0.43832
0.48179
0.37528
0.425
0.55129
0.64674
0.48121
0.49468
0.20697
0.60225
0.42479
0.66035
0.49882
0.44869
0.60926
0.52421
0.57681
0.33054
0.3785
0.25267
0.51629
0.62041
0.53976
0.3985
0.29704
0.36494
0.5719
0.47136
0.28707
0.26609
0.27491
0.59711
0.38884
0.80618
0.31828
0.47092
0.38134
0.73002
0.42151
0.67486
0.30878
0.5435
0.66418
0.44429
0.60896
0.41982
0.40097
0.31949
0.43154
0.36186
0.57074
0.49437
0.40402
0.34887
0.34474
0.55767
0.66879
0.27587
0.43676
0.54739
0.66287
0.43942
0.43812
0.55321
0.53409
0.54864
0.42035
0.43935
0.57263
0.33223
0.3039
0.51389
0.16626
0.56016
0.39624
0.36188
0.45262
0.44314
0.4949
0.36252
0.47397
0.66496
0.29465
0.57913
0.32449
0.41725
0.58382
0.28817
0.43153
0.24197
0.48136
0.2276
0.30958
0.47011
0.42694
0.25585
0.48224
0.43554
0.76446
0.35843
0.48033
0.55341
0.31003
0.74047
0.10572
0.57657
0.2975
0.40906
0.46925
0.47538
0.42475
0.30204
0.5673
0.30082
0.38712
0.68146
0.7568
0.55789
0.31641
0.45183
0.67073
0.40233
0.30761
0.63606
0.6182
0.25641
0.53477
0.50171
0.35342
0.7134
0.47977
0.61757
0.36781
0.73649
0.59778
0.50866
0.52097
0.43747
0.36246
0.41606
0.41541
0.44222
0.47637
0.51127
0.43382
0.45522
0.41963
0.47874
0.2224
0.5304
0.59318
0.54887
0.76742
0.62554
0.48851
0.45079
0.51546
0.685
0.49966
0.38735
0.46624
0.69362
0.62551
0.3475
0.48486
0.55949
0.30384
0.55545
0.49664
0.44219
0.25723
0.42121
0.44822
0.50359
0.4097
0.5026
0.60625
0.3506
0.4511
0.50203
0.5571
0.27149
0.57031
0.50871
0.32066
0.63921
0.50034
0.36306
0.54642
0.38128
0.36971
0.52939
0.37887
0.53443
0.38996
0.57803
0.53133
0.56851
0.45005
0.42661
0.3895
0.69378
0.40776
0.50609
0.46305
0.30317
0.77631
0.82732
0.65352
0.52151
0.57952
0.41501
0.24277
0.35589
0.61381
0.5406
0.4255
0.51833
0.4871
0.69287
0.31988
0.29996
0.56483
0.37028
0.66745
0.63921
0.41966
0.5735
0.45664
0.44935
0.53386
0.63297
0.40352
0.44308
0.60336
0.53487
0.55407
0.43001
0.49966
0.15804
0.52559
0.72518
0.48679
0.59856
0.52653
0.29876
0.41671
0.43223
0.39801
0.48768
0.39925
0.5427
0.39385
0.38952
0.40735
0.68165
0.38144
0.54334
0.60498
0.35453
0.58253
0.42802
0.34002
0.4249
0.29466
0.68333
0.45566
0.76096
0.63372
0.68063
0.46491
0.56264
0.43334
0.44234
0.42676
0.59639
0.54886
0.44835
0.49071
0.28867
0.48369
0.50085
0.62285
0.50838
0.28681
0.35769
0.54304
0.59496
0.35911
0.50705
0.51765
0.5852
0.51565
0.6118
0.56986
0.48864
0.40033
0.50436
0.43291
0.40986
0.29725
0.46497
0.59909
0.22372
0.59769
0.67486
0.48251
0.31322
0.61367
0.73869
0.42129
0.36229
0.60153
0.38508
0.47032
0.46303
0.5604
0.43008
0.3787
0.27013
0.54294
0.40939
0.70502
0.33143
0.60149
0.38264
0.512
0.39672
0.49825
0.31139
0.50058
0.45475
0.14299
0.56708
0.67017
0.57059
0.58168
0.61926
0.60372
0.54496
0.46661
0.58749
0.40133
0.53278
0.51675
0.49748
0.59536
0.46845
0.46809
0.40843
0.59241
0.61283
0.74117
0.59798
0.44398
0.15312
0.52664
0.39557
0.57498
0.40217
0.40274
0.48254
0.61541
0.55294
0.44235
0.64008
0.45814
0.32825
0.44534
0.63793
0.51641
0.58579
0.8257
0.54452
0.42545
0.34106
0.35922
0.30264
0.52583
0.67503
0.55818
0.49038
0.26864
0.44363
0.46409
0.65166
0.3437
0.58829
0.47528
0.44049
0.35874
0.54271
0.34643
0.53354
0.50106
0.54849
0.75742
0.66003
0.40408
0.73715
0.38083
0.51389
0.56618
0.50316
0.60616
0.47787
0.53736
0.4955
0.36591
0.43235
0.48748
0.47929
0.50413
0.30754
0.52281
0.21376
0.56542
0.3507
0.33615
0.51622
0.35977
0.609
0.34729
0.20376
0.42469
0.66522
0.66804
0.38186
0.46313
0.4102
0.32791
0.39365
0.54627
0.57288
0.47026
0.66067
0.6256
0.50502
0.63086
0.72151
0.36835
0.71858
0.38023
0.64106
0.43383
0.48282
0.37979
0.44619
0.59537
0.40711
0.43733
0.60228
0.49294
0.48683
0.49635
0.45112
0.35715
0.495
0.49545
0.46998
0.56478
0.534
0.42832
0.41005
0.56344
0.38267
0.70596
0.49208
0.54419
0.66358
0.35145
0.55317
0.35358
0.3502
0.71893
0.52566
0.61845
0.34549
0.6205
0.57456
0.40161
0.63722
0.65043
0.52874
0.41036
0.47247
0.63519
0.47531
0.39541
0.58004
0.58294
0.29721
0.44102
0.65754
0.49296
0.35931
0.41108
0.37991
0.62549
0.58105
0.39948
0.41161
0.36646
0.68237
0.25054
0.32636
0.49037
0.48948
0.72819
0.45796
0.7109
0.61267
0.45353
0.45749
0.54077
0.22663
0.41262
0.37332
0.46965
0.57824
0.66493
0.37094
0.47853
0.6492
0.44396
0.59621
0.40606
0.34329
0.45756
0.5866
0.38238
0.63218
0.63572
0.42849
0.71445
0.46885
0.39902
0.42206
0.50738
0.60462
0.41469
0.45739
0.6217
0.2804
0.73331
0.56564
0.39057
0.45332
0.4693
0.54554
0.68118
0.67103
0.32682
0.42638
0.72762
0.44723
0.38452
0.59308
0.47725
0.41551
0.45334
0.3383
0.709
0.50755
0.34662
0.54421
0.42915
0.36188
0.39731
0.44642
0.52355
0.41467
0.38127
0.56209
0.67621
0.51056
0.40688
0.72788
0.11671
0.45893
0.39831
0.2155
0.39622
0.59185
0.48022
0.73723
0.57297
0.3595
0.31973
0.51878
0.66931
0.37737
0.59083
0.16521
0.32986
0.45419
0.52203
0.41012
0.52747
0.58541
0.34323
0.50756
0.60499
0.73019
0.6663
0.59124
0.49884
0.68931
0.65694
0.48882
0.77622
0.19372
0.52112
0.41857
0.37857
0.59552
0.48146
0.48399
0.11735
0.54639
0.51765
0.57303
0.57536
0.49964
0.54114
0.45201
0.30467
0.57083
0.54971
0.43582
0.59587
0.79834
0.55439
0.56852
0.47463
0.63705
0.68738
0.3625
0.44985
0.33411
0.45735
0.48889
0.47529
0.3248
0.49913
0.52505
0.64663
0.41239
0.38894
0.60073
0.41167
0.43677
0.61388
0.47786
0.37557
0.0021771
0.45478
0.5665
0.6311
0.44401
0.55159
0.41717
0.44687
0.58683
0.58594
0.46295
0.4916
0.79612
0.5399
0.55377
0.52854
0.37006
0.43442
0.41628
0.5539
0.20572
0.7119
0.52937
0.43692
0.4542
0.41831
0.47131
0.61011
0.60144
0.32481
0.46884
0.32731
0.55752
0.34791
0.61739
0.35673
0.59547
0.34718
0.25898
0.44643
0.23302
0.44773
0.25328
0.47602
0.65322
0.31799
0.54484
0.25752
0.61187
0.50974
0.5227
0.73049
0.61896
0.57183
0.44699
0.56616
0.74566
0.45449
0.43541
0.58098
0.44374
0.47145
0.65152
0.28491
0.45141
0.45296
0.63469
0.46013
0.31439
0.59762
0.46169
0.71029
0.28862
0.54807
0.65062
0.6298
0.56097
0.71307
0.28348
0.51532
0.55599
0.33716
0.269
0.55409
0.30773
0.57315
0.62854
0.38449
0.74228
0.34154
0.35161
0.70213
0.55105
0.3656
0.28696
0.54672
0.55587
0.36013
0.58038
0.58405
0.58819
0.43784
0.58556
0.66033
0.52371
0.45752
0.38682
0.65831
0.50704
0.40552
0.50085
0.34374
0.19724
0.32727
0.40589
0.45526
0.59789
0.513
0.53062
0.45873
0.61002
0.6318
0.60528
0.37747
0.5516
0.49844
0.4785
0.44271
0.535
0.62275
0.54538
0.42764
0.4843
0.42892
0.28394
0.58212
0.39897
0.38617
0.57931
0.21726
0.38022
0.32099
0.51988
0.60938
0.68715
0.47248
0.42616
0.41945
0.59618
0.51579
0.38126
0.6696
0.3447
0.41258
0.43834
0.48143
0.37455
0.51157
0.56814
0.63675
0.53988
0.61882
0.43895
0.42299
0.34742
0.46878
0.3625
0.39465
0.19429
0.50933
0.65532
0.59141
0.54308
0.29934
0.4669
0.51937
0.48697
0.55652
0.66694
0.31344
0.52658
0.61107
0.19886
0.45083
0.41967
0.49121
0.6606
0.425
0.42679
0.55522
0.46168
0.59188
0.58679
0.6103
0.51259
0.70817
0.56859
0.47776
0.6882
0.50091
0.42834
0.25971
0.35489
0.34489
0.45721
0.49832
0.51668
0.93442
0.54835
0.44184
0.76078
0.4241
0.51316
0.47156
0.47921
0.38794
0.29749
0.57578
0.53615
0.58629
0.73638
0.50749
0.35666
0.52166
0.29757
0.29744
0.49337
0.51278
0.54599
0.4439
0.23594
0.16033
0.48803
0.49682
0.30181
0.62495
0.35816
0.3693
0.25831
0.50431
0.41931
0.36207
0.69602
0.085544
0.40626
0.42631
0.38529
0.54463
0.5404
0.41853
0.32655
0.76223
0.51067
0.248
0.60613
0.59591
0.55421
0.39238
0.32697
0.38402
0.35543
0.32517
0.55058
0.39084
0.51924
0.33964
0.6153
0.59363
0.57328
0.4002
0.45478
0.46545
0.26209
0.60911
0.20137
0.6774
0.42857
0.43765
0.55437
0.28109
0.41495
0.42272
0.70516
0.68682
0.52113
0.45179
0.23425
0.62235
0.46103
0.65229
0.4627
0.3228
0.48317
0.30007
0.43106
0.3216
0.69269
0.49718
0.33247
0.64781
0.46717
0.51742
0.5473
0.64438
0.62304
0.47226
0.43149
0.40805
0.40998
0.51666
0.57912
0.45285
0.47676
0.42135
0.46642
0.41437
0.56318
0.51189
0.27887
0.40522
0.47851
0.55174
0.49301
0.45092
0.38968
0.47331
0.49276
0.55578
0.47091
0.37455
0.44905
0.50187
0.61678
0.37662
0.36265
0.5141
0.46483
0.5418
0.50827
0.5158
0.45979
0.62252
0.60163
0.38234
0.61492
0.71704
0.71167
0.46122
0.77281
0.38087
0.40455
0.17444
0.4375
0.48067
0.44757
0.57912
0.53981
0.59972
0.60841
0.54491
0.53981
0.63354
0.52772
0.34412
0.37718
0.45204
0.63656
0.65175
0.63485
0.39257
0.68003
0.73365
0.20708
0.37219
0.55725
0.48887
0.48741
0.47803
0.29317
0.35012
0.41663
0.28967
0.43873
0.45357
0.42363
0.57421
0.55457
0.40001
0.42222
0.41001
0.70177
0.59705
0.73226
0.29087
0.50131
0.33721
0.51561
0.53077
0.54235
0.53881
0.5029
0.49397
0.48386
0.41458
0.40909
0.61262
0.59229
0.57222
0.37929
0.49215
0.63076
0.53073
0.61642
0.31981
0.51145
0.56546
0.54949
0.53141
0.35008
0.37725
0.75291
0.64613
0.24587
0.57209
0.32459
0.54214
0.73093
0.62003
0.3546
0.42211
0.33463
0.71372
0.37543
0.61834
0.44457
0.41746
0.72385
0.66362
0.44628
0.55527
0.71388
0.36152
0.66636
0.42463
0.66273
0.56134
0.41851
0.62338
0.6735
0.27073
0.44483
0.54141
0.21056
0.2044
0.39626
0.33672
0.30739
0.53874
0.42176
0.5205
0.47433
0.4846
0.40032
0.4524
0.4036
0.44372
0.58863
0.26315
0.37797
0.17305
0.29686
0.3134
0.47948
0.20173
0.6086
0.42472
0.301
0.52353
0.48876
0.39596
0.57836
0.57963
0.56339
0.41287
0.53262
0.64484
0.57188
0.54874
0.48775
0.59388
0.54855
0.37009
0.44848
0.34319
0.50784
0.36965
0.25648
0.39612
0.37221
0.44516
0.41554
0.44205
0.35845
0.3423
0.32212
0.15742
0.68337
0.5079
0.62923
0.60929
0.56138
0.45296
0.73327
0.31343
0.54843
0.47907
0.70979
0.38732
0.38259
0.6123
0.60905
0.27691
0.57551
0.43064
0.45087
0.51254
0.37953
0.54256
0.62045
0.25461
0.35785
0.48927
0.61497
0.48295
0.4585
0.4461
0.75583
0.44158
0.48808
0.58636
0.45186
0.73986
0.42912
0.28681
0.45152
0.52938
0.15318
0.53659
0.71558
0.46151
0.29535
0.2613
0.57893
0.55383
0.47776
0.62542
0.49901
0.44575
0.53868
0.2118
0.77969
0.49629
0.84002
0.54373
0.387
0.59196
0.45817
0.18873
0.43743
0.52542
0.20888
0.36112
0.5333
0.4887
0.61331
0.37583
0.53654
0.79391
0.49798
0.13987
0.59764
0.38633
0.28934
0.30639
0.3694
0.35561
0.41194
0.35343
0.42785
0.22362
0.41302
0.5792
0.50323
0.69346
0.84631
0.17209
0.39754
0.67713
0.4748
0.24595
0.795
0.19182
0.63871
0.25142
0.45437
0.54631
0.35983
0.49436
0.1677
0.15027
0.59582
0.44267
0.72261
0.38057
0.4622
0.40318
0.69836
0.50917
0.50954
0.25047
0.54168
0.69087
0.28527
0.49957
0.2817
0.58263
0.58257
0.58194
0.38185
0.36993
0.49916
0.4646
0.18384
0.3225
0.51134
0.34966
0.69732
0.54451
0.33619
0.57407
0.58136
0.39178
0.42994
0.42258
0.3845
0.46651
0.22263
0.4636
0.51117
0.55251
0.56862
0.45725
0.57471
0.40875
0.5441
0.57466
0.50895
0.42573
0.78372
0.77047
0.48616
0.53166
0.49218
0.43071
0.75347
0.6464
0.43585
0.33264
0.59509
0.48534
0.31907
0.39244
0.38118
0.33582
0.33747
0.49159
0.69325
0.76361
0.49039
0.22232
0.21248
0.89559
0.60509
0.59556
0.34014
0.20302
0.70065
0.3365
0.4988
0.64417
0.51671
0.68874
0.45282
0.66639
0.51071
0.58172
0.26154
0.64186
0.58652
0.58477
0.6692
0.48395
0.52412
0.59461
0.36543
0.44792
0.4917
0.33697
0.41178
0.36709
0.43779
0.5419
0.15158
0.30501
0.40204
0.48302
0.45179
0.59969
0.58933
0.3171
0.40489
0.5546
0.42771
0.44185
0.44133
0.52058
0.47689
0.54758
0.47748
0.54626
0.52783
0.68645
0.26766
0.52745
0.80551
0.56807
0.58975
0.68093
0.58912
0.60961
0.49507
0.33713
0.10955
0.51763
0.55348
0.40349
0.52017
0.47631
0.36129
0.095953
0.33721
0.64509
0.49641
0.46472
0.22209
0.70849
0.46522
0.38827
0.29206
0.55177
0.27231
0.62363
0.53676
0.37752
0.45772
