0.69979
0.54219
0.51802
0.49514
0.47163
0.34086
0.60308
0.36705
0.46525
0.61991
0.50573
0.83012
0.46983
0.2721
0.60089
0.56533
0.29291
0.51172
0.59603
0.48577
0.47762
0.42423
0.60964
0.56436
0.33009
0.58499
0.45215
0.44498
0.64625
0.41413
0.3425
0.58183
0.36644
0.55834
0.53016
0.62419
0.30125
0.45396
0.3358
0.53685
0.53249
0.49936
0.3699
0.34056
0.60846
0.7058
0.21826
0.34552
0.42544
0.5171
0.50721
0.59699
0.49685
0.58896
0.47634
0.52577
0.31446
0.71291
0.64158
0.62904
0.3366
0.55215
0.67882
0.52216
0.36278
0.57897
0.58104
0.60522
0.27469
0.60871
0.51969
0.62046
0.53911
0.59253
0.58744
0.47044
0.52356
0.51258
0.49639
0.26264
0.71499
0.35383
0.38053
0.65925
0.74724
0.40591
0.39785
0.16815
0.45103
0.51353
0.53929
0.50117
0.70835
0.63494
0.50462
0.75182
0.67176
0.39704
0.53675
0.37884
0.46695
0.43312
0.3956
0.41084
0.49882
0.45552
0.66703
0.34744
0.29757
0.57932
0.66105
0.36582
0.43533
0.44319
0.8692
0.54291
0.71735
0.28013
0.38603
0.30491
0.52856
0.51716
0.51671
0.60924
0.6266
0.56658
0.6022
0.6793
0.5402
0.57074
0.51149
0.5794
0.32824
0.27412
0.51746
0.24713
0.1655
0.68094
0.50832
0.46162
0.62688
0.53913
0.6497
0.71112
0.58898
0.21361
0.53031
0.55934
0.36504
0.5108
0.63178
0.40692
0.57398
0.48827
0.65645
0.4748
0.3298
0.3662
0.47378
0.37681
0.57799
0.33682
0.66164
0.52224
0.29165
0.59432
0.56143
0.36101
0.74305
0.54614
0.17791
0.64188
0.40685
0.61723
0.68607
0.66727
0.18943
0.30978
0.67911
0.41619
0.34349
0.38364
0.44823
0.66361
0.43185
0.60365
0.37416
0.75536
0.34432
0.53932
0.25381
0.45011
0.70278
0.51499
0.46359
0.47785
0.56835
0.38758
0.60235
0.1541
0.65496
0.35007
0.57255
0.86802
0.3564
0.69116
0.49816
0.48413
0.18436
0.53111
0.18454
0.36294
0.61552
0.35674
0.34012
0.44432
0.33555
0.31347
0.61446
0.32614
0.42516
0.21513
0.42864
0.45556
0.37232
0.41997
0.41958
0.52724
0.64389
0.67688
0.51873
0.48891
0.52977
0.30913
0.46334
0.66638
0.37335
0.53945
0.62817
0.42642
0.52765
0.47285
0.65083
0.45069
0.4018
0.35394
0.50579
0.41262
0.52696
0.35303
0.40295
0.27181
0.42086
0.24128
0.27961
0.5754
0.56803
0.55006
0.63804
0.411
0.52717
0.36722
0.36488
0.52565
0.41049
0.6895
0.37274
0.53982
0.55359
0.89061
0.53471
0.58613
0.4504
0.75857
0.43222
0.56521
0.5974
0.65004
0.77043
0.39786
0.3229
0.47937
0.44459
0.2252
0.47258
0.44227
0.49054
0.40927
0.55692
0.49035
0.37468
0.48162
0.51415
0.6167
0.37087
0.62543
0.5163
0.61863
0.45694
0.44628
0.52308
0.43914
0.46808
0.56028
0.60919
0.36953
0.31933
0.43405
0.48812
0.47482
0.32386
0.74568
0.45953
0.45594
0.55474
0.64467
0.35152
0.48055
0.57315
0.62978
0.4555
0.58371
0.53895
0.53308
0.64992
0.44115
0.58467
0.36073
0.6535
0.69544
0.62054
0.52571
0.60331
0.42235
0.45571
0.57403
0.51893
0.55128
0.35628
0.56665
0.50231
0.56358
0.37782
0.73544
0.50403
0.41682
0.42887
0.35007
0.45184
0.20011
0.51001
0.48817
0.57018
0.66507
0.6247
0.35778
0.55098
0.5193
0.57101
0.43764
0.49997
0.62205
0.53454
0.63797
0.38485
0.59462
0.52753
0.41693
0.44977
0.44713
0.53328
0.70807
0.41365
0.54507
0.45536
0.27545
0.50922
0.52612
0.62072
0.3859
0.58179
0.77164
0.44348
0.45973
0.63713
0.25928
0.69878
0.71265
0.77761
0.33261
0.50789
0.6061
0.60918
0.18659
0.52781
0.61735
0.36705
0.4079
0.50973
0.37733
0.31532
0.49725
0.44045
0.69667
0.3959
0.49831
0.70991
0.45743
0.822
0.49226
0.6237
0.76003
0.50887
0.59612
0.62203
0.59045
0.59494
0.37341
0.57122
0.50832
0.44959
0.53224
0.2721
0.63024
0.45447
0.57466
0.38137
0.42185
0.3618
0.51061
0.54157
0.54001
0.60555
0.75494
0.65884
0.54565
0.62289
0.3036
0.47208
0.57006
0.7111
0.68933
0.53516
0.51875
0.38508
0.54773
0.68306
0.43838
0.6397
0.65817
0.58112
0.55189
0.57688
0.44277
0.43533
0.73848
0.44918
0.68807
0.39027
0.38477
0.33705
0.62547
0.48149
0.60881
0.665
0.55768
0.55063
0.5356
0.57075
0.60947
0.37737
0.40529
0.39702
0.41709
0.30073
0.36551
0.36986
0.21545
0.48182
0.5315
0.38821
0.63091
0.63819
0.35401
0.48965
0.5438
0.6957
0.9436
0.67067
0.49709
0.33258
0.36996
0.50102
0.52814
0.17135
0.41356
0.46962
0.39116
0.75915
0.48804
0.52749
0.71772
0.69395
0.5204
0.56369
0.40692
0.62346
0.51618
0.73801
0.64081
0.2263
0.61446
0.46893
0.46684
0.52208
0.2985
0.45118
0.39196
0.88831
0.67525
0.50454
0.23714
0.55035
0.43237
0.46335
0.49636
0.56592
0.50484
0.42669
0.71429
0.49552
0.38276
0.42474
0.28223
0.67116
0.7831
0.33038
0.17372
0.56776
0.57809
0.57811
0.64202
0.48753
0.41622
0.42972
0.30417
0.60513
0.53427
0.51226
0.59052
0.61646
0.20484
0.7179
0.65848
0.52259
0.63751
0.39774
0.53424
0.3075
0.54974
0.67292
0.54658
0.57531
0.39716
0.41562
0.82579
0.2479
0.48576
0.46362
0.59997
0.59
0.58869
0.7134
0.50986
0.46643
0.48323
0.47511
0.34115
0.56568
0.54808
0.31709
0.53028
0.51558
0.57086
0.34418
0.4928
0.59671
0.43729
0.43774
0.62627
0.52988
0.64337
0.46419
0.63397
0.32486
0.38825
0.34484
0.57826
0.60793
0.51146
0.38161
0.42588
0.64956
0.32352
0.53048
0.34738
0.58202
0.30113
0.5591
0.49689
0.27705
0.53077
0.5106
0.57844
0.46669
0.57682
0.47701
0.44565
0.16866
0.34962
0.82725
0.55076
0.73136
0.4406
0.58213
0.65818
0.45222
0.53718
0.46563
0.25949
0.50548
0.52598
0.51275
0.39727
0.45332
0.48685
0.39042
0.42013
0.46324
0.58621
0.46837
0.55397
0.43464
0.48675
0.42977
0.30212
0.3416
0.49085
0.534
0.48372
0.54474
0.38542
0.38532
0.42674
0.72267
0.3109
0.42006
0.58524
0.53479
0.25262
0.48398
0.54781
0.31221
0.3617
0.4356
0.66843
0.32969
0.46589
0.4012
0.72617
0.63907
0.3136
0.56973
0.53248
0.4716
0.49784
0.3834
0.59593
0.46145
0.28205
0.49348
0.47397
0.64719
0.67718
0.35493
0.57346
0.056774
0.47627
0.45871
0.4485
0.71339
0.39719
0.50352
0.64774
0.39745
0.38772
0.47438
0.80548
0.42189
0.43067
0.48077
0.31398
0.70794
0.31527
0.28446
0.52202
0.26232
0.96297
0.59003
0.36567
0.42381
0.27905
0.65459
0.57278
0.56452
0.40171
0.53738
0.4111
0.47214
0.41779
0.26697
0.49485
0.57806
0.55314
0.40327
0.32267
0.42985
0.23894
0.34668
0.77024
0.34527
0.25247
0.59468
0.36355
0.75381
0.67856
0.58711
0.50165
0.55534
0.3954
0.61552
0.46235
0.57908
0.53798
0.18257
0.50198
0.69893
0.62604
0.52413
0.61029
0.16134
0.52384
0.32607
0.52539
0.30606
0.38453
0.49809
0.59804
0.44687
0.574
0.49062
0.69816
0.74446
0.46857
0.43331
0.19832
0.45679
0.2937
0.51991
0.34301
0.7959
0.5279
0.58746
0.40223
0.29224
0.49612
0.50072
0.60044
0.16337
0.42292
0.55631
0.32023
0.47631
0.37479
0.42623
0.55885
0.60668
0.3085
0.57844
0.62755
0.40884
0.48042
0.50229
0.31992
0.39409
0.42368
0.48428
0.4494
0.34304
0.52817
0.46426
0.41699
0.59074
0.45377
0.44291
0.61524
0.49382
0.33768
0.67789
0.62659
0.66499
0.58938
0.43059
0.17321
0.76483
0.63809
0.2986
0.39451
0.5364
0.40634
0.65633
0.5001
0.50115
0.2897
0.83946
0.45505
0.63123
0.38382
0.67412
0.33213
0.50873
0.43973
0.29968
0.31976
0.52649
0.65958
0.45854
0.53626
0.44887
0.38251
0.5097
0.30811
0.55697
0.25707
0.38481
0.31106
0.28046
0.70864
0.62083
0.49979
0.35524
0.44542
0.35412
0.66125
0.25119
0.57502
0.31592
0.24317
0.66296
0.547
0.23564
0.37626
0.36277
0.68138
0.4326
0.68257
0.66003
0.3458
0.58397
0.2749
0.37542
0.62371
0.56175
0.48134
0.33748
0.61242
0.45063
0.3556
0.39024
0.27881
0.48996
0.64847
0.78421
0.34082
0.39905
0.53934
0.45066
0.60762
0.56659
0.71197
0.53142
0.55068
0.57113
0.47681
0.69342
0.52227
0.54922
0.66688
0.49451
0.31803
0.60486
0.42335
0.4316
0.42765
0.4327
0.38485
0.65899
0.4233
0.58156
0.56089
0.34444
0.46875
0.31309
0.46143
0.50627
0.85309
0.41162
0.66793
0.60463
0.52263
0.4227
0.3447
0.55031
0.55599
0.31912
0.26881
0.076807
0.65792
0.44846
0.40832
0.43439
0.44781
0.57052
0.47639
0.81722
0.60196
0.36255
0.47526
0.56871
0.60933
0.63454
0.43925
0.60013
0.55386
0.25096
0.52232
0.39395
0.45739
0.48046
0.97738
0.59402
0.54889
0.36255
0.39029
0.5271
0.52279
0.46527
0.48861
0.58305
0.40065
0.49837
0.52649
0.45411
0.43991
0.71583
0.20626
0.64396
0.59828
0.43407
0.6807
0.53923
0.51422
0.46705
0.49036
0.5956
0.30748
0.48651
0.48599
0.57785
0.5298
0.53531
0.74905
0.53056
0.51544
0.35753
0.38791
0.51577
0.55607
0.63498
0.46549
0.38262
0.39681
0.39177
0.42509
0.45112
0.24662
0.6455
0.41511
0.5133
0.43301
0.77934
0.43598
0.40998
0.48687
0.16502
0.64681
0.68385
0.54028
0.38259
0.69265
0.85237
0.39991
0.61249
0.52275
0.47813
0.5291
0.39384
0.62221
0.40619
0.38403
0.55571
0.52022
0.36969
0.24494
0.35777
0.44426
0.73481
0.56424
0.71463
0.29081
0.73786
0.64976
0.28102
0.5041
0.37095
0.73691
0.69037
0.63885
0.52274
0.55123
0.39919
0.26773
0.62665
0.30636
0.51672
0.63674
0.54747
0.49277
0.4944
0.55748
0.33735
0.58891
0.60278
0.36608
0.38472
0.58591
0.46888
0.71107
0.52423
0.57515
0.66955
0.59427
0.6492
0.5033
0.36974
0.60853
0.62073
0.60102
0.21439
0.44499
0.46721
0.69818
0.57105
0.31505
0.39123
0.70933
0.52008
0.56418
0.46613
0.43875
0.6511
0.49348
0.4763
0.4537
0.55161
0.53613
0.4848
0.35758
0.45556
0.44569
0.64232
0.40989
0.5816
0.59988
0.42059
0.55971
0.63342
0.39653
0.43458
0.57536
0.68333
0.52646
0.36483
0.55987
0.42689
0.38587
0.57358
0.47605
0.24697
0.52577
0.28069
0.52612
0.43967
0.59266
0.31812
0.79865
0.29599
0.54154
0.37392
0.45758
0.42605
0.66811
0.50273
0.45197
0.57146
0.60843
0.49665
0.52671
0.56413
0.62868
0.4791
0.27561
0.53122
0.52722
0.53779
0.70927
0.37668
0.43956
0.42407
0.5687
0.27785
0.5201
0.47115
0.41759
0.58225
0.50089
0.39076
0.255
0.42246
0.5234
0.47254
0.54112
0.70203
0.36539
0.59644
0.28929
0.32026
0.62972
0.62049
0.65453
0.59598
0.27408
0.40562
0.59028
0.68074
0.23407
0.65128
0.52923
0.63008
0.5471
0.50182
0.70223
0.65544
0.47047
0.28983
0.57254
0.39701
0.25255
0.59594
0.43441
0.28238
0.65974
0.70615
0.45053
0.43367
0.60861
0.53389
0.27268
0.70024
0.34566
0.55842
0.59347
0.45714
0.69929
0.4816
0.39424
0.65023
0.53036
0.37391
0.77141
0.45647
0.50174
0.46589
0.45423
0.57656
0.41849
0.33676
0.48643
0.51637
0.67166
0.27817
0.4942
0.70462
0.54595
0.57355
0.71503
0.39081
0.54044
0.35155
0.59863
0.48442
0.57032
0.46623
0.33268
0.44448
0.47595
0.30479
0.34603
0.59945
0.56824
0.36001
0.58736
0.36574
0.6107
0.51746
0.32417
0.39228
0.58604
0.59637
0.26234
0.27231
0.80475
0.74104
0.50527
0.39676
0.12563
0.46017
0.23806
0.52896
0.63446
0.35969
0.60662
0.37405
0.61962
0.66244
0.47715
0.34941
0.34941
0.49642
0.52665
0.34024
0.18623
0.31977
0.41557
0.534
0.22236
0.18876
0.46092
0.37926
0.5815
0.61283
0.57556
0.53491
0.5885
0.54519
0.60189
0.42991
0.51068
0.25875
0.37053
0.6823
0.45535
0.52388
0.4441
0.33177
0.65493
0.65181
0.3597
0.4114
0.74445
0.35457
0.7154
0.61369
0.6129
0.56676
0.40708
0.58075
0.80811
0.8101
0.82054
0.69342
0.45384
0.56871
0.40099
0.65648
0.64453
0.35355
0.39006
0.49033
0.45373
0.6784
0.31948
0.39524
0.69268
0.48292
0.22105
0.44898
0.46532
0.55963
0.48876
0.50308
0.65069
0.41005
0.56994
0.79403
0.68693
0.37612
0.43844
0.55942
0.512
0.41171
0.52604
0.58743
0.45875
0.48447
0.49457
0.59014
0.37202
0.38394
0.36012
0.46528
0.51649
0.65977
0.5856
0.41234
0.33352
0.34242
0.56091
0.31476
0.59589
0.38644
0.41882
0.30829
0.54415
0.44255
0.33946
0.45337
0.49292
0.72905
0.36255
0.72
0.44558
0.39911
0.57797
0.40879
0.68248
0.72966
0.17632
0.55628
0.37556
0.50711
0.81008
0.63227
0.40339
0.45166
0.46379
0.53952
0.48577
0.50591
0.60655
0.60156
0.35032
0.40016
0.39943
0.44924
0.58721
0.67687
0.65743
0.35945
0.42763
0.719
0.25587
0.40038
0.27015
0.43728
0.40153
0.51752
0.46863
0.32179
0.46517
0.66759
0.38633
0.57301
0.50847
0.22972
0.47626
0.38809
0.63932
0.27376
0.52647
0.4026
0.58313
0.36536
0.24405
0.43127
0.58899
0.55321
0.30447
0.46494
0.32787
0.39286
0.42278
0.81038
0.488
0.64983
0.34458
0.4664
0.36501
0.3981
0.69261
0.16752
0.66278
0.76048
0.72596
0.31057
0.47097
0.50006
0.53391
0.52674
0.31812
0.49263
0.29332
0.46869
0.3098
0.42567
0.48665
0.46101
0.64477
0.47249
0.62353
0.73925
0.58069
0.24387
0.59946
0.52025
0.48949
0.29494
0.27647
0.46687
0.78093
0.62391
0.55701
0.69298
0.45803
0.4888
0.61322
0.52611
0.64919
0.58822
0.70098
0.43279
0.65794
0.44099
0.54235
0.58031
0.53189
0.48485
0.73674
0.70551
0.59507
0.38511
0.30578
0.59505
0.49009
0.54744
0.5765
0.55169
0.58242
0.55244
0.51839
0.48422
0.44269
0.44301
0.51049
0.30494
0.4535
0.7186
0.67917
0.4419
0.6346
0.5599
0.60638
0.549
0.37098
0.54539
0.38258
0.58973
0.55994
0.41308
0.58875
0.39203
0.43717
0.41886
0.62844
0.32724
0.41897
0.54896
0.42922
0.63403
0.702
0.60796
0.41018
0.40962
0.36488
0.51863
0.64196
0.65617
0.5407
0.75782
0.61357
0.63952
0.47647
0.55215
0.42241
0.5926
0.5101
0.32535
0.48197
0.63933
0.55412
0.51804
0.64233
0.60999
0.53804
0.74489
0.46424
0.54976
0.45847
0.75644
0.29698
0.18958
0.37616
0.66466
0.63255
0.43195
0.38687
0.78283
0.47125
0.5299
0.36849
0.652
0.72414
0.61855
0.41029
0.58634
0.59259
0.56712
0.514
0.54458
0.36257
0.36491
0.55018
0.57832
0.53606
0.16827
0.49773
0.40856
0.4557
0.38519
0.67408
0.74732
0.28538
0.7618
0.26031
0.50059
0.21015
0.18421
0.42283
0.2094
0.68791
0.59244
0.48416
0.61523
0.65617
0.70044
0.53773
0.42402
0.18591
0.53034
0.42838
0.47288
0.65724
0.66503
0.58928
0.59532
0.41335
0.44455
0.60144
0.42964
0.35988
0.34088
0.32264
0.57126
0.31516
0.69809
0.5103
0.43001
0.46629
0.35933
0.57335
0.44751
0.44029
0.57785
0.54767
0.42801
0.45731
0.31002
0.49513
0.50624
0.36028
0.40762
0.3956
0.55174
0.47119
0.48416
0.57927
0.42557
0.37658
0.3598
0.51875
0.62531
0.58686
0.40268
0.38597
0.43222
0.72419
0.34198
0.50956
0.14522
0.6043
0.39615
0.32378
0.59782
0.80644
0.42346
0.66288
0.62824
0.58621
0.52643
0.5257
0.62724
0.58214
0.57151
0.46974
0.487
0.53175
0.71894
0.57513
0.53219
0.3371
0.74832
0.342
0.52004
0.40048
0.71799
0.54834
0.39671
0.73363
0.44738
0.64885
0.41455
0.6664
0.34085
0.72388
0.79045
0.37878
0.65269
0.40422
0.44944
0.33979
0.41795
0.54037
0.28508
0.46732
0.67441
0.48375
0.60056
0.66074
0.28717
0.72347
0.59597
0.41192
0.58286
0.61119
0.48943
0.3566
0.23482
0.49842
0.62303
0.42521
0.12991
0.55663
0.57809
0.54992
0.48335
0.40337
0.39785
0.48136
0.57562
0.39653
0.6873
0.47865
0.57852
0.48274
0.41823
0.32066
0.45569
0.76018
0.71137
0.36572
0.23453
0.36318
0.51794
0.085367
0.36296
0.44865
0.47653
0.58948
0.6375
0.32619
0.56784
0.27685
0.58624
0.26226
0.5828
0.56653
0.39208
0.49498
0.38125
0.38717
0.32978
0.37278
0.52918
0.42277
0.39247
0.65462
0.73874
0.50927
0.71446
0.64573
0.42965
0.36599
0.45791
0.32198
0.58681
0.48599
0.62356
0.39785
0.60836
0.40022
0.42406
0.54693
0.54291
0.037723
0.58808
0.36782
0.51279
0.37676
0.53428
0.60712
0.70367
0.35413
0.62084
0.40998
0.25711
0.44251
0.5266
0.36709
0.35718
0.55973
0.41913
0.52963
0.29849
0.51274
0.77932
0.5186
0.48658
0.41519
0.60005
0.45394
0.45041
0.578
0.61273
0.50188
0.65393
0.50662
0.48153
0.62693
0.63003
0.63929
0.36832
0.6232
0.45566
0.5354
0.61925
0.57452
0.57562
0.42529
0.35167
0.31852
0.45244
0.53192
0.28986
0.42306
0.56339
0.5694
0.37101
0.51119
0.58639
0.34195
0.40578
0.65372
0.46808
0.36495
0.23044
0.75142
0.44471
0.78681
0.34302
0.54931
0.56887
0.55582
0.36902
0.69742
0.51708
0.47215
0.55305
0.61623
0.4566
0.56777
0.50207
0.38813
0.46567
0.49026
0.65565
0.63283
0.73752
0.44233
0.32894
0.61164
0.70582
0.68545
0.43783
0.54135
0.48672
0.44463
0.49574
0.48692
0.37316
0.42874
0.80703
0.46174
0.39534
0.38694
0.46162
0.54754
0.66032
0.61275
0.42783
0.51559
0.33758
0.33389
0.29455
0.28718
0.46231
0.56567
0.69081
0.2806
0.34475
0.39498
0.45556
0.58326
0.52633
0.38693
0.49403
0.90895
0.27595
0.58147
0.55861
0.55726
0.37479
0.38693
0.6942
0.74052
0.65938
0.35239
0.44327
0.70394
0.49348
0.50126
0.53867
0.59364
0.79836
0.30828
0.70277
0.45045
0.75259
0.6325
0.57415
0.5563
0.5167
0.50727
0.76982
0.53865
0.40398
0.49454
0.46699
0.33308
0.52226
0.33022
0.30437
0.7279
0.4858
0.60729
0.31306
0.38802
0.52167
0.56928
0.55471
0.47978
0.23505
0.39808
0.63373
0.8792
0.58987
0.72568
0.46632
0.36605
0.32327
0.71181
0.51055
0.50908
0.3849
0.275
0.5402
0.42547
0.4527
0.36723
0.36517
0.38892
0.32779
0.48094
0.49325
0.58088
0.61915
0.69171
0.37351
0.65942
0.4342
0.72241
0.43352
0.40969
0.54176
0.39236
0.47706
0.5258
0.49912
0.42814
0.46663
0.73527
0.50679
0.72654
0.62208
0.60482
0.49056
0.52274
0.41971
0.36741
0.60984
0.45088
0.86821
0.28869
0.60877
0.6452
0.59403
0.48701
0.71967
0.48412
0.54892
0.72809
0.36194
0.60793
0.56858
0.59176
0.29292
0.62324
0.60051
0.50908
0.33949
0.64695
0.35695
0.38484
0.47921
0.53724
0.37512
0.22584
0.62397
0.68558
0.43705
0.36097
0.47966
0.23361
0.65254
0.45148
0.76452
0.47935
0.62029
0.53927
0.35623
0.60476
0.4037
0.53554
0.38741
0.41761
0.40355
0.43864
0.5508
0.5368
0.60738
0.62132
0.43471
0.77871
0.47609
0.37135
0.42131
0.46589
0.4044
0.64015
0.18919
0.45149
0.4208
0.43192
0.44025
0.37835
0.40035
0.32568
0.31175
0.48091
0.33019
0.90139
0.70971
0.58593
0.17278
0.6313
0.52279
0.42815
0.27792
0.49142
0.46272
0.49564
0.52987
0.80313
0.5525
0.42376
0.4383
0.52403
0.53313
0.55568
0.48488
0.47492
0.5939
0.48044
0.55471
0.29356
0.68035
0.40402
0.75299
0.55598
0.43768
0.62541
0.57962
0.37129
0.7456
0.38322
0.32948
0.52344
0.39208
0.43379
0.4272
0.5274
0.5757
0.58231
0.71812
0.1605
0.51628
0.50392
0.53935
0.6979
0.62371
0.61123
0.70548
0.25073
0.39432
0.48491
0.65925
0.48554
0.37355
0.37653
0.37426
0.093912
0.47726
0.1566
0.54322
0.57071
0.40559
0.46143
0.6251
0.47095
0.54366
0.4975
0.64419
0.41828
0.48294
0.37262
0.57812
0.37199
0.50903
0.60572
0.5729
0.4811
0.45981
0.54893
0.72986
0.66391
0.66645
0.61271
0.48941
0.36809
0.6006
0.37859
0.60232
0.44812
0.38772
0.5518
0.48377
0.3249
0.67963
0.58064
0.54273
0.36612
0.49777
0.7753
0.58279
0.54094
0.44455
0.4376
0.68058
0.40211
0.23761
0.58996
0.28262
0.41639
0.271
0.4059
0.35632
0.38839
0.30754
0.28635
0.5471
0.60565
0.38406
0.43666
0.54125
0.53368
0.42441
0.48002
0.6629
0.49902
0.58353
0.55744
0.69284
0.50576
0.50709
0.36161
0.56411
0.53419
0.58983
0.81613
0.54103
0.40634
0.6243
0.57977
0.36218
0.6596
0.44686
0.51416
0.22765
0.40054
0.52468
0.43574
0.45093
0.41142
0.43432
0.52382
0.50053
0.38092
0.56171
0.37811
0.38817
0.47548
0.64006
0.51966
0.58637
0.4651
0.70317
0.74277
0.53429
0.56812
0.65119
0.45194
0.48281
0.50466
0.2824
0.43817
0.47559
0.35996
0.48837
0.54906
0.48588
0.53107
0.51807
0.51176
0.32139
0.28598
0.24069
0.31261
0.32569
0.32739
0.4978
0.52948
0.58453
0.67503
0.557
0.59328
0.37507
0.63011
0.38178
0.55803
0.60978
0.42154
0.34323
0.44607
0.68909
0.5019
0.6043
0.48049
0.44165
0.61548
0.46053
0.28781
0.49554
0.60121
0.67105
0.70996
0.50502
0.57543
0.69678
0.5558
0.36823
0.53782
0.77346
0.46906
0.55814
0.58256
0.96254
0.5003
0.29163
0.46647
0.44842
0.6892
0.1666
0.31253
0.6311
0.66867
0.52013
0.54894
0.42324
0.7318
0.63101
0.66173
0.36644
0.27731
0.42343
0.4259
0.61484
0.34513
0.38266
0.25257
0.53178
0.35467
0.64197
0.5214
0.40785
0.41822
0.47338
0.45383
0.4362
0.43782
0.32573
0.40632
0.48398
0.54667
0.46199
0.51922
0.25861
0.62655
0.46741
0.23128
0.59543
0.52973
0.26637
0.40573
0.49649
0.74408
0.43295
0.37122
0.60016
0.55497
0.45523
0.17724
0.50854
0.46779
0.75005
0.58669
0.53379
0.6137
0.5627
0.43581
0.29869
0.59163
0.50403
0.58394
0.50837
0.62292
0.54915
0.67665
0.70486
0.65424
0.50919
0.61111
0.46396
0.40644
0.49349
0.71858
0.44032
0.46557
0.29838
0.66809
0.72355
0.72306
0.66734
0.45706
0.4529
0.39309
0.5829
0.44989
0.40366
0.57613
0.6568
0.70562
0.52337
0.77098
0.25698
0.71973
0.3905
0.31787
0.347
0.54628
0.22453
0.435
0.763
0.6137
0.60552
0.52219
0.40335
0.32704
0.34698
0.40643
0.65424
0.42248
0.3935
0.57112
0.57901
0.58442
0.47094
0.74956
0.55576
0.40388
0.41342
0.46032
0.39167
0.48789
0.30393
0.4606
0.41218
0.47598
0.29232
0.40571
0.4219
0.55464
0.53319
0.39565
0.66526
0.72091
0.35763
0.42948
0.15681
0.73148
0.39751
0.10375
0.62983
0.51395
0.78635
0.64859
0.39532
0.41542
0.66636
0.64176
0.41016
0.72089
0.44077
0.41038
0.44001
0.36201
0.69308
0.33665
0.56361
0.7216
0.55059
0.61094
0.49708
0.54982
0.36943
0.49391
0.60125
0.42146
0.54776
0.63628
0.65447
0.26176
0.26632
0.71643
0.72604
0.61096
0.53085
0.60753
0.48815
0.48075
0.55505
0.48746
0.50604
0.54481
0.57775
0.60105
0.43395
0.72476
0.59772
0.2821
0.53415
0.45335
0.3491
0.52403
0.39009
0.50225
0.48803
0.66259
0.27997
0.60549
0.56279
0.35521
0.46826
0.75515
0.51104
0.59944
0.23681
0.36028
0.28466
0.21381
0.29203
0.26683
0.76814
0.43255
0.46042
0.40053
0.58695
0.24324
0.62627
0.85661
0.30361
0.4737
0.59601
0.5361
0.53479
0.45971
0.60841
0.075511
0.41995
0.71811
0.39573
0.53327
0.5814
0.65241
0.66674
0.58793
0.65745
0.71486
0.66237
0.56396
0.44995
0.592
0.43706
0.24918
0.59444
0.67216
0.62556
0.33085
0.40916
0.49007
0.65365
0.59543
0.3097
0.34916
0.54911
0.69326
0.37498
0.5523
0.35419
0.50876
0.61126
0.6764
0.7021
0.39204
0.61384
0.55617
0.67214
0.74489
0.5815
0.80947
0.81798
0.70586
0.21058
0.57985
0.29138
0.49008
0.52888
0.66411
0.57385
0.57905
0.27364
0.47825
0.51996
0.62947
0.44017
0.36401
0.69886
0.42335
0.23868
0.48418
0.45698
0.43374
0.68431
0.55613
0.55531
0.54497
0.67784
0.46104
0.47071
0.57251
0.32587
0.54497
0.36537
0.53608
0.45527
0.81096
0.34231
0.37598
0.5652
0.23669
0.45393
0.35131
0.39039
0.44578
0.42673
0.72733
0.42066
0.41778
0.6027
0.51256
0.21572
0.44945
0.32312
0.38666
0.42525
0.24286
0.7738
0.31708
0.4937
0.49262
0.45514
0.51008
0.45784
0.45368
0.58829
0.36365
0.49929
0.83862
0.54111
0.72254
0.4773
0.46793
0.55127
0.55778
0.42739
0.3213
0.56235
0.59631
0.39848
0.54124
0.46681
0.34767
0.36578
0.40962
0.64693
0.72032
0.66893
0.48741
0.45078
0.58462
0.55042
0.53468
0.76616
0.4757
0.13711
0.53621
0.39819
0.2999
0.21852
0.49246
0.77458
0.53448
0.49212
0.58824
0.64128
0.5173
0.55252
0.62456
0.61748
0.42386
0.44125
0.39025
0.4084
0.60824
0.3441
0.49949
0.4047
0.6201
0.34537
0.6007
0.57969
0.59305
0.58925
0.43469
0.29933
0.47417
0.39152
0.70182
0.34777
0.73965
0.47269
0.53021
0.73931
0.50154
0.3407
0.3653
0.54279
0.50387
0.48309
0.59862
0.39084
0.61665
0.59566
0.71519
0.49824
0.67445
0.35329
0.54104
0.67848
0.14716
0.47025
0.34199
0.39509
0.42327
0.49732
0.57429
0.41668
0.43512
0.64633
0.56932
0.34888
0.54887
0.39461
0.84073
0.56529
0.26688
0.33695
0.55688
0.39794
0.32861
0.48288
0.17494
0.43754
0.43905
0.46977
0.59615
0.69553
0.45665
0.50799
0.7196
0.59663
0.66848
0.55213
0.72022
0.57303
0.48425
0.62291
0.15422
0.47346
0.63399
0.75485
0.64725
0.58165
0.48111
0.36543
0.54464
0.57735
0.69807
0.68553
0.42712
0.61426
0.4354
0.57063
0.48346
0.40995
0.44993
0.45157
0.4072
0.60477
0.42736
0.25259
0.52774
0.27311
0.40235
0.58673
0.52641
0.53202
0.56201
0.47891
0.42103
0.59083
0.71036
0.3623
0.44537
0.32101
0.44622
0.32279
0.33462
0.45163
0.50396
0.29011
0.55894
0.44904
0.44724
0.57203
0.5564
0.61665
0.61221
0.58299
0.49904
0.61345
0.55514
0.71577
0.73814
0.33976
0.50241
0.42833
0.7018
0.62976
0.37877
0.49949
0.35844
0.5059
0.62486
0.50204
0.5893
0.66561
0.55742
0.47412
0.52757
0.53536
0.46973
0.48905
0.5763
0.51508
0.69087
0.49719
0.4212
0.47954
0.27752
0.37694
0.67091
0.33436
0.41541
0.68143
0.58655
0.36544
0.54774
0.35681
0.53905
0.43976
0.4819
0.45579
0.50122
0.58064
0.56459
0.4081
0.4441
0.47212
0.35816
0.4768
0.68985
0.54425
0.69809
0.36658
0.44902
0.45252
0.5843
0.54798
0.48063
0.68487
0.38976
0.38405
0.49694
0.4869
0.34894
0.55874
0.39192
0.43762
0.80941
0.37618
0.27533
0.79906
0.7076
0.66505
0.68203
0.51186
0.58662
0.36201
0.57671
0.46486
0.44455
0.29017
0.64734
0.44977
0.29871
0.37717
0.52871
0.4781
0.59184
0.72134
0.42289
0.29939
0.81234
0.44693
0.369
0.29086
0.30707
0.76525
0.37492
0.44682
0.38047
0.56375
0.37169
0.39454
0.63207
0.5529
0.52828
0.51035
0.45787
0.34919
0.1997
0.68045
0.51515
0.46523
0.61602
0.21953
0.38861
0.41522
0.2524
0.39962
0.51049
0.15621
0.43511
0.48358
0.51435
0.49926
0.52007
0.42406
0.69266
0.56724
0.33913
0.66559
0.52568
0.42258
0.60511
0.29673
0.51588
0.48331
0.54415
0.59838
0.44041
0.67875
0.28628
0.48227
0.44081
0.33545
0.64391
0.54087
0.56221
0.62866
0.45399
0.44506
0.4862
0.36526
0.45018
0.50392
0.53492
0.40367
0.60819
0.55935
0.45313
0.60788
0.61589
0.52298
0.44931
0.56347
0.35109
0.50182
0.64291
0.3581
0.55652
0.19864
0.6661
0.73962
0.34782
0.26736
0.4665
0.57778
0.16926
0.49156
0.57822
0.43446
0.56066
0.60905
0.37529
0.52287
0.36506
0.30186
0.56714
0.50518
0.54826
0.36742
0.41074
0.67884
0.48087
0.50512
0.53391
0.75169
0.38469
0.43612
0.62717
0.27821
0.52174
0.38383
0.44215
0.52096
0.62577
0.51755
0.49467
0.76339
0.68789
0.35899
0.46665
0.58057
0.53951
0.41456
0.6231
0.37274
0.77883
0.52003
0.5179
0.62091
0.27594
0.40075
0.27757
0.49157
0.16446
0.60309
0.46758
0.59153
0.42914
0.48992
0.58646
0.75423
0.5164
0.39093
0.47049
0.29005
0.76907
0.53615
0.4117
0.26682
0.56725
0.44707
0.49183
0.29135
0.42767
0.6189
0.46105
0.41313
0.54417
0.62312
0.50307
0.25276
0.42274
0.57068
0.38545
0.69155
0.38625
0.53269
0.49787
0.67269
0.54876
0.3686
0.5207
0.6793
0.36555
0.35624
0.50789
0.40307
0.5683
0.48034
0.51137
0.61691
0.57977
0.36344
0.47874
0.40336
0.6347
0.54561
0.5556
0.54749
0.32419
0.56949
0.34032
0.29657
0.68628
0.2015
0.36581
0.56816
0.30808
0.39274
0.68413
0.4665
0.5022
0.3984
0.46729
0.63643
0.49004
0.30525
0.39194
0.48487
0.46853
0.70891
0.29616
0.70132
0.5417
0.3959
0.57563
0.56234
0.50944
0.73244
0.50146
0.76372
0.50755
0.51202
0.71145
0.48768
0.44877
0.43696
0.31263
0.43477
0.52783
0.5097
0.30327
0.52599
0.50091
0.5011
0.28973
0.48319
0.49203
0.80781
0.25142
0.27133
0.52507
0.37752
0.39969
0.49662
0.49442
0.47291
0.28764
0.36822
0.53345
0.86747
0.47908
0.42316
0.54123
0.30683
0.49711
0.44999
0.62861
0.58777
0.60651
0.43061
0.72765
0.50539
0.19562
0.57522
0.46892
0.4692
0.74729
0.49163
0.49295
0.60937
0.49517
0.47211
0.59516
0.61128
0.323
0.45614
0.36057
0.57289
0.56245
0.47294
0.52599
0.50733
0.59755
0.64353
0.43786
0.4558
0.60325
0.35219
0.30838
0.53661
0.66772
0.34428
0.59687
0.54196
0.535
0.48927
0.53782
0.59467
0.5988
0.40954
0.57603
0.52057
0.58865
0.51399
0.61684
0.54824
0.46363
0.50106
0.64432
0.2837
0.51432
0.56291
0.45791
0.62624
0.38609
0.4981
0.6735
0.46377
0.62956
0.39934
0.44356
0.544
0.58165
0.53321
0.3892
0.44298
0.36677
0.47049
0.73028
0.41584
0.70832
0.75564
0.54675
0.43282
0.44622
0.54164
0.46537
0.42555
0.39905
0.38878
0.49827
0.86328
0.46371
0.53979
0.48726
0.41518
0.41298
0.45538
0.54056
0.39278
0.38171
0.54665
0.31356
0.382
0.37561
0.37692
0.50275
0.7064
0.58458
0.46207
0.24261
0.44361
0.61862
0.58904
0.55229
0.38266
0.61647
0.29907
0.28705
0.43448
0.7922
0.59484
0.41736
0.39182
0.63898
0.50122
0.59446
0.40751
0.49111
0.48348
0.4975
0.28304
0.42645
0.43357
0.46619
0.58923
0.48054
0.53006
0.3332
0.36223
0.46664
0.44607
0.68672
0.18547
0.57124
0.27676
0.51929
0.51905
0.47972
0.26119
0.42274
0.61382
0.48522
0.58474
0.56972
0.6243
0.23088
0.41389
0.71732
0.27266
0.53682
0.46273
0.39092
0.43509
0.37212
0.33275
0.37947
0.33878
0.1753
0.50407
0.48502
0.48189
0.24094
0.51534
0.47708
0.24235
0.63012
0.35618
0.63429
0.63559
0.66119
0.5585
0.50018
0.36527
0.56119
0.42137
0.56914
0.62139
0.32824
0.6107
0.50198
0.30079
0.52894
0.62877
0.4383
0.52208
0.53657
0.56798
0.54486
0.54377
0.47117
0.47446
0.53894
0.33814
0.55812
0.66946
0.28126
0.46468
0.40404
0.38581
0.47664
0.49625
0.54068
0.53651
0.53471
0.53902
0.40115
0.45308
0.60479
0.31874
0.66913
0.56622
0.4997
0.28182
0.5933
0.72874
0.70315
0.51183
0.54761
0.44899
0.7147
0.68994
0.26876
0.53999
0.62869
0.47086
0.46955
0.28484
0.55312
0.5678
0.41512
0.71315
0.50306
0.46727
0.58961
0.6632
0.4865
0.51834
0.52875
0.3455
0.44416
0.63373
0.44469
0.23559
0.45204
0.2998
0.54329
0.52196
0.49592
0.39252
0.66844
0.52238
0.38868
0.28211
0.53568
0.47152
0.5529
0.52352
0.25797
0.57476
0.34379
0.40458
0.54072
0.66531
0.37926
0.38538
0.69071
0.45334
0.26521
0.51361
0.53013
0.38248
0.47699
0.32792
0.53235
0.46213
0.33766
0.5594
0.47773
0.48445
0.18713
0.62721
0.5168
0.28706
0.45485
0.30252
0.462
0.49406
0.54706
0.48429
0.28016
0.3214
0.46327
0.46623
0.47379
0.47143
0.38594
0.68949
0.43584
0.41315
0.52695
0.50795
0.38315
0.33875
0.56502
0.3436
0.49112
0.42425
0.60178
0.66889
0.52439
0.63676
0.69678
0.48567
0.72345
0.64701
0.49107
0.697
0.62824
0.41815
0.25986
0.6412
0.62857
0.24962
0.55226
0.53085
0.7544
0.51323
0.58959
0.48687
0.34656
0.56402
0.68512
0.46558
0.39727
0.55297
0.48143
0.49668
0.63983
0.60783
0.44788
0.62109
0.33192
0.43039
0.5351
0.44767
0.55106
0.41515
0.47019
0.58854
0.56458
0.35564
0.14914
0.67471
0.42833
0.66945
0.45251
0.38005
0.74093
0.32762
0.28352
0.46726
0.54362
0.59346
0.38874
0.57175
0.84049
0.4915
0.64281
0.61636
0.44789
0.64955
0.64785
0.35039
0.61164
0.66291
0.49699
0.61307
0.78178
0.49435
0.50435
0.47558
0.70501
0.47218
0.24701
0.58323
0.50083
0.72447
0.53207
0.3668
0.4471
0.6219
0.36387
0.55783
0.50718
0.31859
0.50714
0.52576
0.48243
0.40909
0.47029
0.32246
0.57818
0.57216
0.50082
0.42421
0.59643
0.3472
0.3696
0.61915
0.49659
0.53282
0.60949
0.66126
0.6383
0.83129
0.50009
0.42745
0.43107
0.52061
0.49658
0.58408
0.44655
0.51402
0.61095
0.48017
0.75337
0.49561
0.67167
0.6268
0.65913
0.66569
0.66758
0.44662
0.96997
0.46881
0.38121
0.37344
0.80178
0.44673
0.40406
0.42181
0.58901
0.32626
0.43455
0.5148
0.24647
0.25844
0.81639
0.46597
0.63556
0.44213
0.30638
0.71882
0.50313
0.79056
0.2266
0.60521
0.5466
0.54255
0.59173
0.54412
0.25789
0.65584
0.47458
0.55017
0.49756
0.52975
0.34629
0.35429
0.13983
0.44215
0.39563
0.5075
0.53892
0.55405
0.67221
0.61608
0.44097
0.67105
0.62775
0.28998
0.20194
0.40614
0.52902
0.44059
0.58228
0.40849
0.6677
0.30714
0.51579
0.6934
0.63614
0.63755
0.62498
0.51164
0.3867
0.72324
0.58515
0.6953
0.62171
0.54311
0.61224
0.61431
0.57054
0.48121
0.35898
0.65352
0.67813
0.51189
0.57493
0.34627
0.61753
0.50649
0.77454
0.4621
0.45325
0.50686
0.60161
0.62196
0.69865
0.52716
0.49602
0.63671
0.5403
0.49035
0.43218
0.50484
0.3168
0.50795
0.63144
0.50036
0.58248
0.4806
0.5314
0.68228
0.74116
0.56806
0.7151
0.30379
0.47489
0.53462
0.64759
0.4346
0.57292
0.38124
0.44907
0.4817
0.61178
0.67175
0.53943
0.6896
0.38705
0.68029
0.44855
0.32148
0.58324
0.45232
0.48799
0.57947
0.74969
0.39786
0.53712
0.49706
0.61987
0.38071
0.4159
0.76148
0.48281
0.58946
0.57005
0.44671
0.43855
0.43101
0.53749
0.73553
0.57373
0.33059
0.34407
0.47089
0.77063
0.64036
0.52567
0.51394
0.64101
0.51245
0.61003
0.57039
0.28192
0.27061
0.60052
0.63924
0.59109
0.34678
0.37966
0.40123
0.62253
0.53549
0.45605
0.33254
0.42599
0.3279
0.42704
0.39104
0.63418
0.80113
0.59256
0.68126
0.5023
0.34844
0.57943
0.38344
0.52016
0.66145
0.53072
0.50482
0.29519
0.4507
0.68522
0.60033
0.51315
0.44519
0.35016
0.27581
0.40773
0.562
0.56137
0.38376
0.50861
0.43216
0.58483
0.45414
0.44534
0.28005
0.50673
0.27541
0.57381
0.32756
0.40557
0.39037
0.80096
0.69621
0.6782
0.44593
0.68816
0.46325
0.7511
0.55933
0.59765
0.52332
0.49989
0.37553
0.44708
0.64412
0.60806
0.63154
0.63186
0.29785
0.43105
0.42088
0.28736
0.79408
0.45792
0.59494
0.47576
0.40449
0.636
0.27114
0.42474
0.42342
0.75874
0.38542
0.53432
0.74741
0.27339
0.55252
0.42295
0.54901
0.50328
0.56717
0.52769
0.71639
0.62175
0.40853
0.35218
0.63048
0.34454
0.61712
0.42988
0.51691
0.71944
0.71275
0.82373
0.55814
0.43465
0.63183
0.61619
0.3483
0.54654
0.56143
0.17652
0.53404
0.56723
0.51994
0.52527
0.60063
0.35927
0.71762
0.63315
0.53887
0.48902
0.53469
0.47437
0.61377
0.4887
0.44772
0.39141
0.55699
0.62737
0.48999
0.53137
0.48721
0.55148
0.40828
0.46737
0.7112
0.76308
0.67639
0.51828
0.49739
0.57359
0.66273
0.5582
0.39556
0.55195
0.4722
0.523
0.28774
0.62413
0.4061
0.6686
0.51055
0.34921
0.39192
0.43539
0.51132
0.64946
0.46343
0.53592
0.68183
0.37816
0.50465
0.32217
0.48749
0.44908
0.56324
0.35649
0.33984
0.51831
0.63155
0.53902
0.468
0.38099
0.50269
0.44534
0.7806
0.46024
0.41785
0.56085
0.60627
0.52649
0.40595
0.49117
0.57728
0.59115
0.4657
0.43592
0.64537
0.58611
0.5305
0.25162
0.49316
0.43813
0.44554
0.29374
0.45211
0.23885
0.49972
0.38662
0.4925
0.23946
0.59621
0.62432
0.46763
0.47412
0.74038
0.50636
0.53195
0.3817
0.36257
0.25932
0.45528
0.32569
0.75087
0.34164
0.67839
0.33207
0.57202
0.32891
0.27359
0.67299
0.3745
0.53946
0.48873
0.098363
0.6046
0.44628
0.47113
0.52732
0.44548
0.4563
0.47063
0.31961
0.38664
0.65898
0.63503
0.49215
0.47127
0.61442
0.55625
0.43774
0.29244
0.42326
0.43966
0.5925
0.32759
0.63028
0.38014
0.37596
0.58943
0.34391
0.56616
0.50726
0.5181
0.15825
0.37014
0.40215
0.44787
0.40644
0.60454
0.4396
0.39903
0.4342
0.69083
0.44267
0.34493
0.86235
0.40268
0.41796
0.34344
0.31286
0.51291
0.57072
0.50841
0.77261
0.43358
0.53089
0.77202
0.27854
0.53797
0.6425
0.33945
0.45947
0.3697
0.609
0.63919
0.41116
0.33437
0.53363
0.36895
0.48448
0.32876
0.64417
0.40454
0.49652
0.45578
0.40862
0.57889
0.45249
0.51963
0.46885
0.70616
0.61946
0.4355
0.52041
0.534
0.42536
0.4426
0.57859
0.49105
0.80172
0.36447
0.47045
0.67055
0.54361
0.556
0.8015
0.34927
0.56523
0.58703
0.59317
0.66001
0.4116
0.44273
0.42436
0.59629
0.24766
0.47101
0.51401
0.57222
0.46385
0.38486
0.42938
0.60596
0.48921
0.53741
0.34938
0.43179
0.43016
0.58989
0.59979
0.41102
0.85452
0.53376
0.41365
0.53887
0.46137
0.39703
0.73426
0.40207
0.53407
0.5912
0.64806
0.53836
0.2261
0.66785
0.41832
0.6287
0.51943
0.60159
0.42366
0.46981
0.44302
0.48897
0.40823
0.6894
0.5421
0.38512
0.80584
0.54087
0.76359
0.61851
0.47288
0.22239
0.61643
0.55489
0.42406
0.57601
0.45503
0.26366
0.39848
0.38541
0.40296
0.64764
0.48326
0.42772
0.70294
0.60393
0.52191
0.37874
0.33839
0.73712
0.33922
0.49381
0.65642
0.58577
0.56567
0.51164
0.52626
0.52702
0.46027
0.40443
0.52322
0.39202
0.50518
0.54509
0.50349
0.37799
0.69681
0.6844
0.57045
0.42557
0.72775
0.51513
0.65348
0.49922
0.47495
0.65772
0.56893
0.19521
0.48652
0.37182
0.29465
0.6701
0.47919
0.35387
0.46899
0.10154
0.49153
0.20049
0.41914
0.52864
0.56736
0.61825
0.47754
0.65188
0.31712
0.71627
0.43998
0.43256
0.82188
0.36235
0.68442
0.59663
0.65238
0.41714
0.5563
0.67795
0.38154
0.832
0.64418
0.70239
0.63695
0.6194
0.70472
0.7564
0.53044
0.67534
0.66166
0.61384
0.69127
0.56467
0.56022
0.79123
0.49951
0.72705
0.60856
0.32337
0.51169
0.31571
0.39139
0.45409
0.26674
0.3569
0.50114
0.53779
0.80615
0.62235
0.45721
0.50463
0.51877
0.40623
0.66209
0.6995
0.37653
0.51697
0.5151
0.50682
0.43548
0.46861
0.41123
0.50314
0.52303
0.39737
0.56584
0.38982
0.45586
0.69615
0.52387
0.26224
0.75041
0.37868
0.34463
0.36257
0.5813
0.51518
0.3609
0.40825
0.7078
0.26007
0.55737
0.21028
0.41065
0.5274
0.34541
0.35815
0.56962
0.43334
0.3845
0.40184
0.67101
0.43553
0.43659
0.67698
0.58027
0.39378
0.49762
0.56867
0.24066
0.47704
0.42437
0.61349
0.66463
0.50031
0.49928
0.37443
0.46902
0.49754
0.60191
0.50916
0.49717
0.44203
0.5619
0.6552
0.58021
0.50796
0.59581
0.46787
0.43013
0.49524
0.45796
0.41227
0.67162
0.4471
0.60441
0.4048
0.54999
0.58387
0.58383
0.2376
0.7176
0.70709
0.33411
0.34859
0.36246
0.33485
0.56424
0.62805
0.47603
0.52069
0.48286
0.66158
0.59205
0.53063
0.58064
0.50892
0.20403
0.48191
0.50603
0.62624
0.49437
0.40041
0.63966
0.49218
0.57806
0.41545
0.48073
0.57349
0.27202
0.67181
0.63892
0.40172
0.66582
0.37718
0.47859
0.60919
0.44823
0.15793
0.64718
0.58119
0.54075
0.69715
0.54702
0.49234
0.43936
0.60456
0.56442
0.34071
0.4046
0.36697
0.24019
0.26332
0.40707
0.38391
0.54322
0.5589
0.45304
0.54521
0.59594
0.29749
0.54401
0.53176
0.3534
0.4925
0.60142
0.46027
0.64059
0.27563
0.5277
0.57271
0.38165
0.61143
0.42275
0.47558
0.68673
0.65553
0.45313
0.39106
0.42941
0.47337
0.34837
0.67976
0.74125
0.54002
0.57875
0.49419
0.28504
0.31186
0.61032
0.62648
0.39596
0.31339
0.45076
0.14111
0.63961
0.60932
0.5622
0.35491
0.51926
0.55601
0.37413
0.40428
0.46535
0.27701
0.7275
0.51806
0.23382
0.42092
0.5008
0.62406
0.56116
0.28224
0.4403
0.43364
0.47817
0.44418
0.50842
0.37923
0.6884
0.68858
0.3917
0.64759
0.34803
0.45747
0.4061
0.55788
0.44157
0.66219
0.46285
0.61703
0.48899
0.41713
0.60907
0.3871
0.42618
0.36707
0.78022
0.39019
0.37608
0.49881
0.66041
0.45484
0.46714
0.51187
0.65351
0.54663
0.4348
0.40223
0.56621
0.7141
0.60588
0.45446
0.37397
0.48255
0.027389
0.31715
0.71255
0.51197
0.32898
0.49026
0.33887
0.39238
0.48502
0.39321
0.52884
0.39273
0.5482
0.4688
0.53946
0.54206
0.54242
0.33898
0.38893
0.40273
0.40424
0.49297
0.64477
0.59894
0.43745
0.49827
0.45505
0.51219
0.43872
0.24556
0.27538
0.48143
0.44056
0.53814
0.30595
0.25592
0.24041
0.4249
0.21206
0.46878
0.62444
0.48523
0.28377
0.46432
0.32671
0.61074
0.46655
0.83807
0.17304
0.61105
0.55065
0.37418
0.40866
0.45456
0.4585
0.49713
0.52495
0.41826
0.3932
0.33314
0.46599
0.43028
0.62869
0.43228
0.49818
0.33117
0.53924
0.38383
0.51429
0.54598
0.64972
0.64422
0.5273
0.77227
0.61237
0.51695
0.45354
0.57644
0.45615
0.41521
0.45254
0.31775
0.60288
0.53997
0.57659
0.73587
0.35172
0.57108
0.57516
0.53887
0.30309
0.49434
0.51161
0.48545
0.49976
0.50152
0.60469
0.50244
0.59014
0.55866
0.39663
0.48466
0.67578
0.40763
0.39356
0.62794
0.32392
0.50033
0.4753
0.53
0.67688
0.32913
0.4261
0.38268
0.5599
0.71181
0.55027
0.53018
0.3203
0.67954
0.38491
0.61498
0.43643
0.5862
0.83295
0.43587
0.65798
0.62456
0.59034
0.47246
0.45003
0.40343
0.48696
0.2652
0.4399
0.49532
0.72818
0.79398
0.53273
0.43168
0.39887
0.49749
0.55923
0.59304
0.27482
0.57476
0.52058
0.51781
0.37886
0.37588
0.50756
0.48618
0.57926
0.61375
0.51072
0.7695
0.28821
0.68098
0.52365
0.58322
0.39425
0.34198
0.49129
0.70486
0.48944
0.54617
0.5415
0.3261
0.59167
0.41914
0.48499
0.40873
0.73457
0.54154
0.66235
0.66974
0.63751
0.63094
0.77827
0.42676
0.47696
0.28057
0.6534
0.8064
0.68287
0.57197
0.31853
0.40549
0.55268
0.60605
0.35868
0.40067
0.41081
0.34451
0.2437
0.49573
0.46035
0.46192
0.41543
0.54339
0.30351
0.79462
0.44286
0.46761
0.61905
0.43418
0.56359
0.69752
0.64331
0.58817
0.48345
0.54505
0.43431
0.49063
0.54385
0.34891
0.63301
0.52675
0.39331
0.60755
0.56285
0.50196
0.3976
0.25093
0.26613
0.70575
0.57747
0.684
0.32408
0.263
0.67239
0.51724
0.57603
0.54521
0.50482
0.27441
0.42818
0.60469
0.55276
0.46236
0.59743
0.5125
0.62573
0.70969
0.47901
0.44113
0.76084
0.39859
0.42738
0.59142
0.26242
0.73523
0.58767
0.77815
0.38043
0.48325
0.59383
0.28048
0.56127
0.46528
0.72436
0.43058
0.34289
0.40899
0.49942
0.71619
0.48566
0.3451
0.51463
0.62165
0.72412
0.43413
0.35983
0.66937
0.58506
0.65945
0.51072
0.60633
0.64599
0.59774
0.46829
0.63643
0.39657
0.43581
0.40553
0.52313
0.46248
0.37426
0.30029
0.35961
0.43364
0.5341
0.46371
0.20672
0.36098
0.44413
0.62615
0.31718
0.42494
0.36278
0.34253
0.49242
0.51616
0.56795
0.3376
0.55526
0.72506
0.5314
0.41872
0.34044
0.35306
0.57135
0.61875
0.65307
0.36174
0.58367
0.20839
0.55625
0.60409
0.43329
0.39541
0.42093
0.72134
0.6156
0.48084
0.52874
0.48427
0.42013
0.46521
0.75499
0.52449
0.64207
0.31981
0.5919
0.33281
0.43263
0.46795
0.58247
0.6274
0.4561
0.68208
0.66206
0.65953
0.62105
0.38826
0.48783
0.49042
0.42367
0.58145
0.41459
0.49286
0.41405
0.48622
0.63889
0.43072
0.71687
0.36122
0.4305
0.4292
0.34805
0.56893
0.43739
0.68481
0.48497
0.55802
0.59634
0.45173
0.49926
0.24213
0.55679
0.55636
0.5696
0.36731
0.6513
0.63121
0.42876
0.38423
0.22835
0.64168
0.57115
0.56463
0.45964
0.73719
0.40633
0.50208
0.46763
0.2503
0.3702
0.39425
0.42285
0.54977
0.22462
0.64175
0.51244
0.47733
0.59059
0.19008
0.48777
0.40742
0.74643
0.46063
0.59814
0.46832
0.63263
0.66058
0.54543
0.55719
0.67251
0.30918
0.35646
0.48162
0.38815
0.29282
0.69799
0.51987
0.44632
0.39218
0.52304
0.55854
0.58005
0.41745
0.35334
0.67612
0.712
0.31555
0.22833
0.45666
0.64424
0.60371
0.49297
0.59589
0.53821
0.40258
0.5024
0.43645
0.67803
0.61891
0.26587
0.75959
0.55471
0.30961
0.70515
0.25479
0.36819
0.31893
0.54964
0.54462
0.26875
0.63292
0.41648
0.37171
0.43577
0.3898
0.44467
0.48169
0.63197
0.65293
0.43831
0.50819
0.30248
0.4923
0.44625
0.54325
0.37878
0.22327
0.54325
0.60076
0.51744
0.3957
0.66352
0.50961
0.57663
0.55484
0.72945
0.48137
0.56037
0.35658
0.39301
0.46935
0.60098
0.693
0.51128
0.48766
0.29603
0.5387
0.50442
0.34922
0.50573
0.77879
0.51712
0.45835
0.50792
0.56096
0.53015
0.55857
0.45114
0.53989
0.55304
0.70486
0.5826
0.61606
0.56172
0.72397
0.26604
0.64048
0.45942
0.32027
0.67472
0.3178
0.52119
0.47036
0.47737
0.63713
0.27635
0.59652
0.78051
0.52102
0.55733
0.30376
0.3042
0.66422
0.37433
0.50507
0.63175
0.51214
0.45063
0.37135
0.57999
0.68397
0.60438
0.48157
0.4253
0.41594
0.39629
0.55668
0.65457
0.48751
0.63255
0.52603
0.62225
0.34536
0.30427
0.41575
0.38383
0.48833
0.75406
0.58435
0.46248
0.31373
0.38525
0.49242
0.74753
0.38077
0.36731
0.52449
0.74553
0.62573
0.47605
0.553
0.57398
0.35759
0.69428
0.3933
0.1837
0.41317
0.48155
0.38959
0.47691
0.69315
0.71901
0.45153
0.85224
0.72087
0.64365
0.62918
0.40712
0.52326
0.65229
0.43491
0.49418
0.38252
0.5374
0.50964
0.31115
0.37432
0.44799
0.43696
0.74964
0.43537
0.32266
0.55468
0.38671
0.75459
0.37447
0.39785
0.48444
0.46921
0.35639
0.50267
0.56244
0.28541
0.26245
0.50718
0.27329
0.58199
0.42081
0.72207
0.4712
0.57238
0.11424
0.48958
0.43556
0.29051
0.35293
0.1632
0.53805
0.44817
0.080232
0.57565
0.60052
0.64902
0.63298
0.57037
0.59598
0.79169
0.58684
0.31973
0.42719
0.32968
0.27939
0.35731
0.51145
0.62954
0.53459
0.55653
0.51151
0.4962
0.50437
0.2191
0.48908
0.49638
0.58347
0.67543
0.42741
0.40103
0.42908
0.36302
0.60167
0.39817
0.41699
0.45031
0.47427
0.56311
0.56255
0.23974
0.3547
0.70649
0.58962
0.58291
0.34773
0.36777
0.71202
0.34188
0.39486
0.47818
0.41978
0.4367
0.59449
0.30739
0.65097
0.45746
0.50263
0.35431
0.32604
0.62033
0.63347
0.66497
0.56729
0.38011
0.36857
0.76229
0.5035
0.44176
0.59066
0.36366
0.5153
0.65837
0.44875
0.59189
0.36918
0.41841
0.56359
0.37589
0.67316
0.36156
0.77487
0.62666
0.19081
0.36561
0.57147
0.47454
0.43788
0.58959
0.6297
0.561
0.48721
0.50426
0.35329
0.49721
0.60892
0.47083
0.5703
0.47482
0.5748
0.49982
0.34434
0.65679
0.66324
0.71078
0.37845
0.57595
0.59027
0.37748
0.33198
0.6037
0.72756
0.59221
0.30878
0.56584
0.78233
0.62369
0.47042
0.39147
0.62284
0.63094
0.53982
0.59739
0.441
0.54075
0.50079
0.31988
0.77444
0.69373
0.50178
0.4083
0.4877
0.44944
0.49974
0.46431
0.60057
0.43023
0.51909
0.68529
0.72618
0.41213
0.59202
0.83329
0.51918
0.51026
0.50554
0.35794
0.35526
0.47332
0.69175
0.68468
0.50732
0.61567
0.32511
0.78654
0.5746
0.42434
0.33768
0.58861
0.61886
0.34823
0.49088
0.56747
0.54304
0.45181
0.60075
0.52487
0.70222
0.52148
0.89755
0.34269
0.7176
0.19352
0.33718
0.44608
0.55552
0.48713
0.46545
0.65529
0.6591
0.47927
0.35775
0.46711
0.42665
0.60649
0.41445
0.59128
0.5755
0.45372
0.40872
0.54754
0.64512
0.47674
0.48301
0.51232
0.61175
0.61408
0.29839
0.57579
0.43679
0.51474
0.61899
0.67944
0.37719
0.44656
0.56022
0.58477
0.19714
0.58439
0.61705
0.56981
0.42606
0.64268
0.60772
0.65046
0.69052
0.64673
0.42429
0.75636
0.49651
0.29289
0.41147
0.4311
0.33894
0.85566
0.11631
0.43398
0.41765
0.62441
0.57209
0.54509
0.34439
0.46874
0.50167
0.41815
0.52687
0.59261
0.63594
0.71206
0.42094
0.43754
0.37784
0.45681
0.28462
0.45976
0.53815
0.29331
0.33099
0.74545
0.61316
0.54572
0.12871
0.40961
0.38653
0.47387
0.49509
0.61955
0.4646
0.36716
0.64849
0.49189
0.47121
0.54235
0.72955
0.62066
0.47538
0.36439
0.52099
0.67771
0.38928
0.39875
0.56531
0.45141
0.60484
0.29351
0.28348
0.37793
0.68568
0.57625
0.52288
0.59285
0.29181
0.44591
0.51665
0.41459
0.72247
0.5213
0.27137
0.36978
0.39107
0.4783
0.52188
0.47751
0.32628
0.66371
0.31716
0.69112
0.54252
0.52844
0.78658
0.39772
0.57735
0.32223
0.36439
0.37596
0.54231
0.2877
0.56847
0.57762
0.40442
0.62971
0.41101
0.43283
0.58903
0.19313
0.52712
0.49198
0.42689
0.34657
0.43004
0.54508
0.48036
0.46378
0.42065
0.53049
0.49784
0.56691
0.43637
0.50843
0.59816
0.44113
0.36478
0.59709
0.59774
0.41593
0.52783
0.32201
0.40559
0.54316
0.44865
0.52251
0.56508
0.51902
0.31678
0.89341
0.41804
0.61272
0.37382
0.35372
0.51031
0.45165
0.16836
0.61231
0.78362
0.52943
0.56369
0.62447
0.81387
0.30929
0.30836
0.67684
0.35788
0.29456
0.30754
0.6449
0.43532
0.48078
0.25988
0.33874
0.49872
0.5337
0.38452
0.69493
0.70755
0.44898
0.38191
0.5726
0.37845
0.39004
0.68457
0.56567
0.56435
0.4856
0.53697
0.44975
0.25118
0.37998
0.26083
0.71488
0.4718
0.37322
0.56163
0.44432
0.30168
0.45546
0.41256
0.33629
0.36554
0.6077
0.35229
0.54121
0.37348
0.73036
0.36539
0.48576
0.34182
0.54129
0.3771
0.4325
0.56149
0.50929
0.46995
0.35105
0.29198
0.43929
0.60454
0.41971
0.58727
0.38226
0.49203
0.4829
0.59893
0.56784
0.6621
0.52299
0.54815
0.43487
0.38401
0.5912
0.53896
0.44298
0.27114
0.726
0.49042
0.56898
0.51554
0.50268
0.46445
0.4465
0.56407
0.58057
0.54773
0.60685
0.51764
0.45659
0.63988
0.65259
0.62085
0.58576
0.6854
0.45292
0.51803
0.33298
0.60171
0.39982
0.65581
0.5082
0.37303
0.70574
0.43593
0.47333
0.64616
0.3266
0.72187
0.56991
0.4921
0.57696
0.67947
0.51916
0.51194
0.42567
0.47211
0.42859
0.55227
0.61003
0.49417
0.46273
0.25213
0.38312
0.48038
0.45138
0.46478
0.42978
0.5438
0.6445
0.47836
0.64931
0.32558
0.50177
0.40402
0.57145
0.39098
0.41737
0.62644
0.48112
0.55632
0.39072
0.56569
0.3184
0.47411
0.48599
0.26077
0.50105
0.28706
0.68627
0.52179
0.62383
0.57591
0.43808
0.42287
0.687
0.59484
0.5152
0.53152
0.34968
0.39217
0.46
0.41231
0.55033
0.78072
0.53129
0.52098
0.53906
0.60119
0.21723
0.66378
0.80594
0.41175
0.49222
0.40279
0.46455
0.50391
0.11236
0.43014
0.48302
0.26364
0.59795
0.65411
0.51242
0.57175
0.30471
0.54307
0.62457
0.43517
0.41751
0.43778
0.59362
0.41709
0.26938
0.48786
0.53451
0.40553
0.70309
0.63285
0.54951
0.35331
0.26048
0.44709
0.42015
0.4687
0.34583
0.61965
0.42388
0.513
0.48692
0.36827
0.26813
0.44815
0.61873
0.45806
0.31787
0.58662
0.18311
0.40053
0.68851
0.33517
0.48743
0.56413
0.77959
0.74438
0.060913
0.45203
0.74815
0.64388
0.22124
0.61871
0.44856
0.56261
0.45056
0.455
0.65423
0.42139
0.41449
0.56322
0.40373
0.51929
0.59284
0.49119
0.49134
0.41605
0.31383
0.61998
0.54209
0.18125
0.29689
0.23187
0.34835
0.62739
0.6254
0.25287
0.4679
0.32735
0.3462
0.58919
0.25885
0.48948
0.48004
0.49453
0.46993
0.56588
0.52085
0.68309
0.4628
0.55812
0.68986
0.43519
0.44226
0.44978
0.47187
0.67126
0.66506
0.54954
0.5191
0.64451
0.65914
0.77427
0.4625
0.48475
0.44215
0.44817
0.73717
0.47385
0.66875
0.32327
0.62886
0.42331
0.797
0.58861
0.63804
0.54628
0.34924
0.65313
0.52991
0.4074
0.66697
0.42404
0.64529
0.3568
0.45874
0.54866
0.52702
0.4104
0.44802
0.44965
0.35834
0.49508
0.40024
0.25774
0.55021
0.59504
0.66532
0.60635
0.36472
0.40094
0.60731
0.62409
0.57252
0.30886
0.53777
0.50398
0.40868
0.57864
0.29144
0.5551
0.43933
0.48072
0.45684
0.31129
0.45163
0.38371
0.28341
0.54535
0.35723
0.47607
0.63323
0.44438
0.55696
0.56006
0.28746
0.63588
0.4129
0.50588
0.58566
0.57906
0.5316
0.50685
0.47408
0.6359
0.31145
0.38891
0.4504
0.56494
0.55637
0.35155
0.50739
0.39714
0.34935
0.61619
0.50172
0.27702
0.59618
0.39152
0.53447
0.56079
0.46417
0.6432
0.42461
0.56753
0.73682
0.49231
0.56464
0.46537
0.42888
0.47099
0.60607
0.34646
0.38365
0.30942
0.62396
0.52699
0.53601
0.79529
0.59268
0.51112
0.35179
0.53837
0.50383
0.38981
0.53148
0.71647
0.47194
0.54921
0.42439
0.41893
0.57942
0.48503
0.51631
0.42928
0.50756
0.60906
0.16859
0.4688
0.59622
0.36069
0.27324
0.6906
0.21994
0.34559
0.59438
0.44726
0.4789
0.71768
0.69388
0.6426
0.47484
0.56207
0.84917
0.53133
0.55209
0.44405
0.70416
0.62114
0.41297
0.62659
0.49627
0.47281
0.48294
0.68523
0.74371
0.37242
0.45983
0.45837
0.30607
0.57682
0.62268
0.25159
0.54698
0.54023
0.43324
0.4267
0.49007
0.51032
0.36422
0.47792
0.3052
0.42413
0.65461
0.65276
0.32677
0.5954
0.45741
0.33569
0.73898
0.48875
0.66229
0.45435
0.47624
0.58427
0.47855
0.48068
0.77055
0.62614
0.48044
0.57853
0.4024
0.43518
0.68926
0.51327
0.54738
0.56585
0.59838
0.72362
0.20224
0.40914
0.55508
0.28214
0.61749
0.53971
0.36189
0.18604
0.63169
0.66113
0.61445
0.30345
0.48869
0.39338
0.41987
0.36624
0.35775
0.61182
0.60944
0.45857
0.45772
0.64754
0.21286
0.58624
0.61072
0.71474
0.57777
0.44079
0.47405
0.63732
0.49369
0.52627
0.44994
0.58623
0.445
0.46943
0.13329
0.55896
0.42686
0.44975
0.4642
0.51649
0.57267
0.7652
0.64635
0.56069
0.58926
0.56202
0.33252
0.60285
0.66835
0.64856
0.52726
0.38525
0.34444
0.68283
0.52954
0.51535
0.76487
0.50408
0.66053
0.49056
0.55702
0.35021
0.39899
0.1601
0.37006
0.39064
0.21122
0.52701
0.424
0.27632
0.55469
0.51795
0.5376
0.59073
0.52528
0.3642
0.71794
0.61835
0.63925
0.41952
0
0.45153
0.52504
0.45412
0.55791
0.58865
0.67911
0.30854
0.54549
0.70542
0.3565
0.46534
0.28991
0.63176
0.54733
0.28417
0.29808
0.46613
0.63853
0.64992
0.43357
0.40939
0.59296
0.56841
0.40781
0.52384
0.59543
0.30609
0.47398
0.49055
0.54809
0.46046
0.50664
0.36846
0.61125
0.71727
0.78051
0.54689
0.46684
0.39339
0.5466
0.67241
0.47766
0.68918
0.37219
0.52759
0.33563
0.51465
0.45243
0.3332
0.55941
0.59875
0.55731
0.5848
0.50438
0.40051
0.45296
0.60801
0.47538
0.28181
0.56431
0.74882
0.54535
0.50918
0.60022
0.53507
0.5572
0.5649
0.53617
0.56375
0.62446
0.47922
0.56297
0.52992
0.48827
0.4289
0.60443
0.52212
0.64359
0.49225
0.57692
0.31774
0.70667
0.677
0.53776
0.58182
0.25029
0.61755
0.70826
0.73648
0.646
0.4779
0.62199
0.37228
0.2732
0.47317
0.35104
0.64253
0.41277
0.65545
0.15366
0.46252
0.59062
0.54069
0.48992
0.33808
0.47919
0.42763
0.72103
0.39606
0.45998
0.49448
0.5936
0.78091
0.53315
0.45051
0.57947
0.54566
0.46746
0.3559
0.70192
0.62719
0.37561
0.42778
0.49584
0.38319
0.40202
0.57372
0.62526
0.52491
0.40092
0.80768
0.71587
0.34153
0.54239
0.74796
0.66012
0.5474
0.53867
0.4246
0.68264
0.58574
0.38307
0.38454
0.2818
0.40891
0.34824
0.5144
0.50402
0.49516
0.13209
0.53865
0.34639
0.78366
0.56629
0.31404
0.53852
0.64554
0.46069
0.55948
0.69462
0.49851
0.48588
0.46658
0.23245
0.40128
0.48865
0.75061
0.438
0.72995
0.54527
0.47569
0.43733
0.36056
0.52466
0.4098
0.60996
0.50421
0.4591
0.67236
0.77449
0.66564
0.75733
0.49723
0.43523
0.38928
0.49319
0.38453
0.58802
0.50286
0.55362
0.50213
0.41409
0.38537
0.15828
0.47546
0.59087
0.60149
0.43829
0.29972
0.48236
0.57434
0.41363
0.59047
0.4361
0.66964
0.57612
0.41617
0.59239
0.21934
0.37916
0.78031
0.56175
0.64006
0.5833
0.68252
0.73269
0.79919
0.45866
0.57489
0.64591
0.29448
0.48363
0.50933
0.46735
0.60621
0.30998
0.60992
0.32391
0.34425
0.29975
0.64336
0.49392
0.27696
0.76923
0.54906
0.52709
0.3752
0.5931
0.64935
0.37898
0.50838
0.80328
0.43561
0.71973
0.58249
0.46997
0.45491
0.6744
0.61914
0.5402
0.34665
0.63331
0.4989
0.45522
0.4655
0.49532
0.61474
0.58315
0.72381
0.35698
0.47628
0.49079
0.56448
0.36204
0.49325
0.63275
0.54554
0.53141
0.51593
0.658
0.43609
0.78147
0.53849
0.60419
0.70519
0.29877
0.43601
0.56271
0.54062
0.45864
0.49956
0.5451
0.52693
0.51687
0.61669
0.52899
0.68968
0.63366
0.5148
0.60013
0.83932
0.58694
0.77459
0.57769
0.63473
0.46459
0.56149
0.28523
0.54559
0.41821
0.44159
0.65713
0.50257
0.38431
0.52629
0.2913
0.24596
0.58881
0.32745
0.50763
0.66009
0.41892
0.35758
0.40011
0.78547
0.69248
0.76222
0.37725
0.47779
0.64442
0.44661
0.33965
0.46385
0.58272
0.448
0.55554
0.44476
0.57545
0.57605
0.49037
0.41913
0.62008
0.43467
0.51257
0.48965
0.35532
0.56237
0.4768
0.36403
0.59106
0.5288
0.49259
0.40376
0.61191
0.66856
0.49219
0.40899
0.32149
0.45361
0.62407
0.41799
0.4741
0.74139
0.56378
0.74639
0.77876
0.80859
0.5672
0.6483
0.3565
0.60486
0.49525
0.70304
0.47351
0.61229
0.62428
0.27644
0.38481
0.55597
0.27562
0.26708
0.22538
0.50366
0.30305
0.71647
0.36362
0.48745
0.55312
0.50122
0.54683
0.49296
0.64433
0.6723
0.45421
0.4655
0.5867
0.53581
0.31569
0.60193
0.62424
0.55464
0.32979
0.56156
0.37334
0.43839
0.28741
0.32802
0.74462
0.38112
0.69575
0.72605
0.49721
0.53475
0.55946
0.36788
0.61974
0.65224
0.60884
0.3137
0.36018
0.45988
0.53707
0.49814
0.74211
0.32657
0.62402
0.27946
0.56016
0.60148
0.442
0.3277
0.4392
0.82369
0.49546
0.67342
0.71776
0.38768
0.30625
0.42297
0.54703
0.43992
0.62249
0.47019
0.5359
0.58696
0.4589
0.46667
0.40567
0.51235
0.64171
0.53511
0.45085
0.47216
0.56402
0.42249
0.54042
0.33708
0.60916
0.57513
0.51676
0.67501
0.62476
0.73534
0.25506
0.26744
0.56207
0.42467
0.66032
0.51787
0.23774
0.29688
0.51674
0.42183
0.45017
0.47915
0.46651
0.68001
0.59039
0.38169
0.57533
0.61148
0.4063
0.61682
0.70546
0.4785
0.55854
0.46758
0.503
0.54151
0.68436
0.61266
0.72489
0.3632
0.17632
0.71488
0.44778
0.5253
0.42585
0.29399
0.61661
0.63059
0.5845
0.3982
0.51225
0.47116
0.58733
0.52763
0.40933
0.36044
0.54242
0.37366
0.39896
0.4528
0.41412
0.44298
0.40538
0.4287
0.67173
0.54295
0.57325
0.65078
0.49444
0.27023
0.72485
0.41455
0.098378
0.47856
0.58502
0.69337
0.52935
0.35194
0.50868
0.55734
0.64521
0.63688
0.62229
0.49866
0.55196
0.48063
0.42407
0.58914
0.56482
0.646
0.43488
0.36468
0.45583
0.73822
0.59364
0.62879
0.72275
0.37063
0.4617
0.59716
0.38854
0.63693
0.36306
0.49415
0.45785
0.50729
0.73511
0.69221
0.40685
0.37168
0.35706
0.64477
0.56349
0.50392
0.8081
0.29914
0.5123
0.41253
0.59066
0.64626
0.30459
0.40217
0.53778
0.32729
0.38495
0.5918
0.49255
0.53129
0.3962
0.69285
0.29781
0.62335
0.65274
0.5626
0.50829
0.55847
0.084694
0.34423
0.56385
0.59635
0.58807
0.6076
0.56782
0.46437
0.42628
0.57229
0.47264
0.46171
0.39246
0.50513
0.56616
0.33204
0.6202
0.24329
0.47013
0.4416
0.5032
0.50704
0.29196
0.65957
0.64617
0.4265
0.30362
0.41345
0.4717
0.62164
0.28646
0.53488
0.34456
0.68274
0.56048
0.42577
0.72816
0.36725
0.69722
0.55698
0.48875
0.55864
0.56753
0.7203
0.72291
0.5506
0.52594
0.79903
0.41675
0.51248
0.40934
0.40493
0.82639
0.52219
0.31936
0.49801
0.24661
0.63658
0.73116
0.45683
0.44784
0.51569
0.68308
0.46279
0.46207
0.38643
0.73862
0.41535
0.67866
0.49852
0.26663
0.368
0.45837
0.34512
0.33859
0.38955
0.16366
0.28785
0.42196
0.61822
0.53114
0.67633
0.49868
0.35817
0.37338
0.64952
0.73756
0.47394
0.62366
0.63383
0.24409
0.41332
0.15341
0.50458
0.45878
0.38912
0.36884
0.40599
0.26326
0.33794
0.51264
0.6474
0.52303
0.46123
0.40996
0.28953
0.41106
0.49959
0.42322
0.31008
0.45639
0.54369
0.4116
0.34347
0.25199
0.67117
0.59552
0.45518
0.33396
0.40606
0.44017
0.33645
0.32362
0.37542
0.48414
0.77783
0.5097
0.65646
0.63086
0.64101
0.5762
0.53087
0.30972
0.59669
0.64235
0.39369
0.48938
0.38042
0.50782
0.45585
0.38699
0.57436
0.15258
0.52009
0.29835
0.74271
0.58414
0.30549
0.86169
0.48434
0.50366
0.51545
0.46797
0.68286
0.33531
0.47668
0.25912
0.67404
0.62926
0.48703
0.49159
0.5895
0.65821
0.24727
0.67771
0.55405
0.4073
0.4383
0.6138
0.4617
0.37683
0.70392
0.61658
0.49853
0.47781
0.59142
0.6292
0.46074
0.28738
0.59095
0.31479
0.42347
0.54073
0.4398
0.44704
0.69836
0.18753
0.43242
0.5191
0.55545
0.26454
0.62677
0.53266
0.71516
0.5167
0.53492
0.30508
0.25406
0.6053
0.52416
0.46016
0.37095
0.20496
0.54833
0.2993
0.63133
0.5499
0.55835
0.55433
0.61258
0.59702
0.43223
0.47824
0.56098
0.41366
0.50996
0.49847
0.60516
0.47367
0.72381
0.59314
0.46658
0.39207
0.61473
0.54977
0.51417
0.62035
0.60768
0.65021
0.24222
0.40408
0.44563
0.27668
0.46803
0.52803
0.53254
0.47064
0.57508
0.63285
0.73362
0.41593
0.83143
0.46843
0.54959
0.68369
0.62562
0.52301
0.55702
0.4582
0.45205
0.42077
0.65329
0.28446
0.5832
0.49519
0.58911
0.63882
0.58554
0.60245
0.47585
0.48134
0.56066
0.3797
0.46124
0.49832
0.3461
0.61464
0.35885
0.41307
0.76371
0.36649
0.55827
0.25365
0.48645
0.32551
0.28298
0.39931
0.71836
0.46688
0.48375
0.54121
0.26661
0.415
0.63955
0.44827
0.797
0.83123
0.45689
0.51672
0.46594
0.32621
0.44186
0.36428
0.64379
0.45759
0.5461
0.61412
0.49498
0.58839
0.52922
0.74793
0.4807
0.48156
0.48484
0.48563
0.58065
0.68344
0.45628
0.47586
0.55189
0.41833
0.44273
0.57057
0.50686
0.45815
0.47903
0.55575
0.6307
0.59069
0.61144
0.67387
0.54374
0.45681
0.51157
0.49588
0.36337
0.39286
0.59525
0.53603
0.48835
0.36946
0.55497
0.56187
0.14247
0.36605
0.24154
0.31861
0.44562
0.47429
0.58093
0.45579
0.45645
0.40156
0.51703
0.52712
0.43911
0.43015
0.69322
0.47336
0.40114
0.47831
0.63583
0.22377
0.32102
0.60849
0.35417
0.5601
0.59913
0.56808
0.67192
0.38262
0.44406
0.66183
0.47206
0.45008
0.67678
0.45077
0.37363
0.50618
0.47845
0.7036
0.41667
0.45578
0.51918
0.41505
0.49024
0.44779
0.44677
0.53532
0.40449
0.61806
0.38245
0.6042
0.57225
0.6858
0.40839
0.44437
0.42204
0.30699
0.23606
0.30306
0.3921
0.59016
0.40441
0.63736
0.34045
0.67098
0.65698
0.34478
0.60019
0.12762
0.55268
0.62515
0.63069
0.4473
0.61001
0.5537
0.5574
0.53299
0.50505
0.43394
0.62505
0.63558
0.62904
0.33263
0.61529
0.7397
0.34053
0.41123
0.73487
0.2933
0.65607
0.48004
0.74922
0.47176
0.51043
0.50689
0.64628
0.64569
0.46561
0.34991
0.30129
0.63887
0.46872
0.6203
0.55528
0.67375
0.31903
0.52469
0.37785
0.6174
0.4044
0.43464
0.46671
0.43038
0.55268
0.25011
0.44978
0.6426
0.58256
0.37439
0.30113
0.46898
0.7182
0.51677
0.5259
0.47116
0.68957
0.3863
0.68491
0.73604
0.23131
0.71071
0.45258
0.50133
0.63205
0.38008
0.54657
0.36687
0.44053
0.54352
0.45041
0.34756
0.48571
0.45564
0.34332
0.47178
0.65658
0.3996
0.30869
0.68557
0.34424
0.28321
0.37974
0.44182
0.58276
0.50227
0.38974
0.68377
0.66252
0.79253
0.37337
0.39143
0.44486
0.29416
0.59386
0.45106
0.55621
0.47558
0.38549
0.49209
0.48566
0.35675
0.33216
0.57713
0.60427
0.41232
0.53698
0.34148
0.56376
0.53437
0.59844
0.42676
0.8296
0.47331
0.31916
0.54131
0.55954
0.48418
0.21786
0.70838
0.67533
0.61998
0.50101
0.77825
0.64801
0.45864
0.41771
0.61424
0.46447
0.5027
0.4779
0.34961
0.39918
0.40449
0.22692
0.5808
0.72381
0.35748
0.70506
0.74295
0.70953
0.5125
0.41627
0.40836
0.3066
0.55784
0.53618
0.52425
0.53686
0.30327
0.43478
0.34106
0.42428
0.56597
0.5064
0.72365
0.62064
0.39522
0.1715
0.54183
0.4097
0.34266
0.43922
0.41047
0.41623
0.32409
0.5745
0.65697
0.68966
0.4819
0.46198
0.53285
0.35051
0.21442
0.60839
0.33685
0.59645
0.29463
0.31509
0.57231
0.68709
0.64666
0.39537
0.51987
0.25847
0.47862
0.32236
0.57092
0.51272
0.33555
0.53508
0.20813
0.53722
0.4423
0.33194
0.40697
0.66545
0.63262
0.63795
0.34615
0.57491
0.55681
0.40732
0.34766
0.45023
0.60384
0.42332
0.38263
0.50313
0.64337
0.5474
0.44792
0.50309
0.47601
0.597
0.54675
0.37568
0.66338
0.67025
0.4448
0.52977
0.759
0.46231
0.48707
0.38469
0.59737
0.76885
0.58448
0.81358
0.41741
0.34962
0.46632
0.63724
0.37571
0.57091
0.35786
0.46646
0.36134
0.38458
0.58256
0.67841
0.27646
0.33689
0.61726
0.58121
0.47486
0.45096
0.36151
0.41501
0.54199
0.53052
0.62336
0.54955
0.64572
0.39779
0.61247
0.50845
0.50095
0.49936
0.73895
0.57813
0.4513
0.51481
0.44096
0.58041
0.38511
0.83218
0.737
0.33901
0.62565
0.54901
0.5901
0.60579
0.43082
0.32152
0.70478
0.55021
0.50863
0.259
0.54169
0.53823
0.50092
0.30155
0.31585
0.51734
0.58203
0.82505
0.49999
0.71794
0.47754
0.52836
0.5755
0.5164
0.59221
0.7141
0.44974
0.19285
0.48785
0.39319
0.59519
0.62901
0.73016
0.66544
0.51674
0.47468
0.65185
0.43128
0.53767
0.50331
0.3535
0.28885
0.61966
0.37782
0.41539
0.39264
0.52172
0.54175
0.68412
0.60542
0.45159
0.27477
0.33747
0.62301
0.47411
0.64869
0.50004
0.73777
0.42369
0.47539
0.30246
0.36459
0.26054
0.41172
0.54704
0.37582
0.53985
0.45726
0.49617
0.53292
0.65892
0.78995
0.40305
0.45327
0.43964
0.69905
0.33791
0.4766
0.42577
0.28057
0.63272
0.47299
0.46309
0.49317
0.39144
0.20422
0.41054
0.59963
0.35433
0.42471
0.42872
0.46826
0.25051
0.63167
0.66473
0.45138
0.3297
0.33415
0.60515
0.45161
0.31804
0.48058
0.62602
0.56856
0.65311
0.46905
0.35377
0.30841
0.57601
0.31266
0.46179
0.51785
0.55192
0.38429
0.53017
0.38514
0.4138
0.48723
0.50825
0.27506
0.48009
0.4359
0.37653
0.40002
0.546
0.56822
0.3967
0.54978
0.4113
0.14953
0.74632
0.5564
0.2931
0.28073
0.5436
0.76233
0.5378
0.43887
0.65559
0.65034
0.49943
0.48019
0.36648
0.41785
0.42688
0.55127
0.57914
0.34505
0.34939
0.56824
0.47427
0.48828
0.5647
0.5956
0.49354
0.37325
0.40051
0.5625
0.50188
0.53801
0.46687
0.44047
0.63542
0.36741
0.53288
0.42297
0.42778
0.58811
0.57129
0.40323
0.26633
0.44375
0.25267
0.54602
0.36529
0.39094
0.80492
0.052892
0.33287
0.44745
0.79382
0.5012
0.44875
0.72343
0.61706
0.56381
0.53423
0.50376
0.65346
0.44102
0.56015
0.37249
0.23973
0.26679
0.39493
0.28821
0.57118
0.44485
0.40244
0.41117
0.55544
0.45171
0.42787
0.58365
0.50448
0.90904
0.5663
0.43001
0.62324
0.38809
0.64736
0.49854
0.62927
0.41132
0.60008
0.36772
0.27747
0.50453
0.31096
0.34124
0.46784
0.35863
0.41746
0.45039
0.62598
0.5352
0.62756
0.36851
0.55454
0.66413
0.40205
0.61938
0.44872
0.43014
0.59096
0.58269
0.51563
0.32568
0.85841
0.39086
0.32046
0.27391
0.67401
0.78382
0.24123
0.49912
0.44423
0.46696
0.71131
0.52484
0.53405
0.39993
0.74668
0.40852
0.46797
0.61668
0.5902
0.74825
0.55486
0.21095
0.67677
0.62793
0.62646
0.60238
0.44805
0.38348
0.62648
0.4262
0.41574
0.56014
0.65393
0.76046
0.55361
0.48329
0.36674
0.46772
0.53424
0.67658
0.31057
0.61236
0.37347
0.47566
0.69763
0.76823
0.31206
0.38462
0.50211
0.45316
0.49953
0.52177
0.60271
0.36821
0.51976
0.69815
0.61189
0.70336
0.51594
0.30982
0.42872
0.55218
0.5219
0.68191
0.58797
0.57151
0.5921
0.71225
0.33847
0.48161
0.51438
0.39551
0.58024
0.51556
0.49326
0.49272
0.39696
0.41087
0.37881
0.31014
0.64922
0.59299
0.41243
0.70686
0.5741
0.36192
0.55546
0.75374
0.62986
0.61406
0.58837
0.57098
0.23512
0.7526
0.73405
0.33342
0.3918
0.64626
0.32372
0.45322
0.65644
0.60514
0.58689
0.47146
0.44994
0.52971
0.50071
0.37696
0.46362
0.376
0.65346
0.33053
0.68316
0.55959
0.44214
0.12839
0.64107
0.708
0.53904
0.37385
0.42141
0.38377
0.6752
0.41053
0.69504
0.1451
0.25192
0.62189
0.6615
0.38232
0.77347
0.48308
0.42264
0.65424
0.62649
0.63948
0.52988
0.72649
0.33232
0.55536
0.75912
0.30861
0.45304
0.40526
0.59359
0.43362
0.54646
0.61996
0.44693
0.51571
0.89181
0.49981
0.31804
0.40752
0.46968
0.44579
0.33358
0.38047
0.6068
0.60029
0.40725
0.43313
0.53153
0.74389
0.35811
0.46621
0.55586
0.51395
0.39973
0.46109
0.32643
0.32197
0.54277
0.28241
0.58818
0.48063
0.5683
0.69344
0.50308
0.54794
0.63786
0.32688
0.81293
0.36134
0.36825
0.56818
0.30515
0.51306
0.76331
0.45319
0.62377
0.66469
0.37557
0.61719
0.55297
0.40804
0.37842
0.48804
0.30897
0.67091
0.41727
0.56939
0.39772
0.38248
0.67793
0.57545
0.57215
0.33111
0.71952
0.58523
0.37315
0.34327
0.41632
0.63373
0.51507
0.56345
0.38661
0.58415
0.48069
0.4557
0.44234
0.38076
0.52385
0.49022
0.72947
0.5752
0.36108
0.37896
0.56475
0.18862
0.49927
0.7118
0.77187
0.5101
0.4808
0.60225
0.51169
0.51586
0.65846
0.53027
0.45362
0.37399
0.54076
0.24819
0.62253
0.42612
0.27407
0.5254
0.63995
0.33816
0.54055
0.50241
0.50286
0.53981
0.3735
0.40745
0.46731
0.31133
0.69297
0.65879
0.44495
0.33342
0.55418
0.60398
0.37807
0.2066
0.42358
0.31081
0.34758
0.42918
0.45876
0.39519
0.39389
0.44166
0.62674
0.58163
0.42284
0.53074
0.55795
0.34392
0.54106
0.54846
0.6545
0.74596
0.47784
0.39706
0.31723
0.59528
0.6169
0.64738
0.61196
0.43861
0.43817
0.31808
0.42982
0.53083
0.30491
0.58866
0.40526
0.34965
0.46361
0.27752
0.61615
0.67732
0.53857
0.44545
0.31941
0.60426
0.50399
0.4566
0.56817
0.38739
0.36934
0.51899
0.298
0.44621
0.40729
0.35178
0.34128
0.54717
0.28245
0.48438
0.51059
0.5246
0.51293
0.54752
0.58461
0.52244
0.48408
0.727
0.2907
0.61983
0.25508
0.43999
0.55598
0.48585
0.44254
0.63001
0.72438
0.39827
0.14979
0.50631
0.54516
0.54493
0.5569
0.39571
0.37232
0.65467
0.43631
0.47628
0.43227
0.40704
0.5243
0.26076
0.17702
0.44179
0.40972
0.40872
0.66014
0.71707
0.52466
0.63085
0.49085
0.56383
0.86894
0.69726
0.4549
0.51442
0.55839
0.60534
0.25338
0.58702
0.63228
0.63807
0.6677
0.35849
0.62779
0.49259
0.17637
0.49675
0.16269
0.55381
0.61432
0.3276
0.46549
0.55619
0.46485
0.46695
0.55564
0.37574
0.60501
0.56264
0.58137
0.45416
0.41106
0.50982
0.48311
0.58127
0.48452
0.47098
0.59747
0.38971
0.36201
0.70772
0.41748
0.68561
0.45294
0.55863
0.60442
0.20763
0.49159
0.74373
0.35345
0.41821
0.71249
0.59729
0.72122
0.48888
0.53444
0.3308
0.47446
0.4993
0.63627
0.43946
0.55384
0.65878
0.70906
0.36069
0.30924
0.47346
0.57196
0.38688
0.4349
0.083839
0.34757
0.41978
0.6079
0.50662
0.5544
0.40547
0.41444
0.43726
0.6431
0.5783
0.69502
0.48488
0.42423
0.55912
0.51689
0.4251
0.59093
0.42164
0.30788
0.40124
0.48133
0.39188
0.62104
0.36924
0.44468
0.63279
0.60218
0.48248
0.60667
0.70185
0.63833
0.59601
0.48194
0.62733
0.44258
0.31908
0.5822
0.47958
0.63545
0.22211
0.33261
0.57991
0.51987
0.54464
0.36146
0.47356
0.63992
0.38588
0.55401
0.53709
0.34127
0.17517
0.22745
0.58845
0.86869
0.56456
0.4086
0.61395
0.38081
0.52938
0.60309
0.5766
0.50876
0.49115
0.44968
0.2778
0.57098
0.65862
0.52454
0.325
0.44386
0.53689
0.51066
0.49939
0.37456
0.50972
0.43564
0.52739
0.26996
0.48307
0.46743
0.33404
0.56982
0.4826
0.48325
0.45924
0.33206
0.37592
0.38627
0.43874
0.57767
0.60937
0.42691
0.42779
0.62676
0.522
0.49725
0.75188
0.52637
0.32225
0.25022
0.48455
0.46346
0.59926
0.7663
0.42816
0.57728
0.30673
0.57531
0.60957
0.46972
0.61785
0.61946
0.56912
0.65978
0.51781
0.50981
0.64709
0.48123
0.50982
0.38585
0.67427
0.58293
0.58716
0.40824
0.78414
0.50132
0.36273
0.52313
0.73509
0.36481
0.68251
0.5036
0.41073
0.36523
0.54699
0.40352
0.6107
0.50637
0.60351
0.32877
0.46378
0.66977
0.41774
0.49061
0.55016
0.21369
0.47229
0.30829
0.44004
0.96039
0.51803
0.56469
0.35269
0.75018
0.46827
0.23794
0.44219
0.35483
0.29537
0.59103
0.62927
0.45124
0.48553
0.16613
0.46807
0.40876
0.58659
0.41142
0.5258
0.65363
0.53277
0.78793
0.43372
0.47722
0.66552
0.51239
0.52002
0.5944
0.60451
0.27069
0.43996
0.39687
0.47504
0.61245
0.62763
0.46896
0.65269
0.77692
0.50629
0.24131
0.24223
0.65907
0.24199
0.71523
0.61706
0.30439
0.59027
0.28813
0.66669
0.6863
0.47259
0.51876
0.26715
0.54718
0.28824
0.7105
0.33753
0.51414
0.47627
0.46462
0.50203
0.58935
0.46599
0.40593
0.52842
0.43478
0.60737
0.56449
0.51578
0.33489
0.50629
0.20918
0.47315
0.6018
0.47159
0.42748
0.65545
0.28568
0.30464
0.50239
0.59916
0.58826
0.57532
0.2798
0.48361
0.67922
0.38875
0.48366
0.52283
0.26905
0.4478
0.50777
0.73358
0.44756
0.38743
0.38419
0.60215
0.41392
0.41909
0.62665
0.5205
0.40696
0.47803
0.54709
0.71012
0.31833
0.41462
0.39738
0.66835
0.47368
0.38329
0.28751
0.58885
0.47886
0.28627
0.36562
0.40302
0.29876
0.52068
0.81152
0.61729
0.52555
0.26745
0.44161
0.56544
0.49263
0.49152
0.32986
0.61832
0.4729
0.5507
0.36374
0.5556
0.68266
0.45733
0.43963
0.27052
0.71165
0.72977
0.66476
0.29257
0.62929
0.24542
0.50924
0.449
0.4967
0.40366
0.3652
0.44661
0.42529
0.29668
0.43878
0.69146
0.44424
0.60018
0.70115
0.52103
0.72976
0.53516
0.23714
0.35041
0.66076
0.60614
0.50291
0.53524
0.5545
0.57891
0.35421
0.51907
0.48947
0.70864
0.79037
0.71283
0.81551
0.58066
0.45971
0.41506
0.53404
0.52222
0.34702
0.71181
0.52502
0.4687
0.5155
0.35023
0.322
0.65232
0.31248
0.49359
0.48979
0.4548
0.54969
0.58906
0.38726
0.46218
0.40411
0.47632
0.613
0.45876
0.3194
0.36938
0.44547
0.34439
0.5137
0.51587
0.23467
0.42823
0.60312
0.55405
0.38129
0.54711
0.34865
0.58555
0.4992
0.77185
0.76195
0.67096
0.67331
0.54617
0.63815
0.46879
0.23292
0.53069
0.433
0.4374
0.42959
0.56583
0.33413
0.40776
0.47874
0.33976
0.42924
0.62441
0.36245
0.32842
1
0.38749
0.51872
0.57528
0.29688
0.66916
0.48144
0.59241
0.82618
0.41939
0.40528
0.51557
0.80516
0.57716
0.42843
0.62908
0.30566
0.54419
0.39051
0.36816
0.50332
0.49091
0.41133
0.42193
0.38974
0.50597
0.54234
0.36453
0.53553
0.56946
0.70132
0.52055
0.28058
0.62086
0.48861
0.65591
0.3453
0.4679
0.55516
0.51922
0.43875
0.75131
0.35931
0.53229
0.37925
0.51236
0.47719
0.67538
0.48307
0.64312
0.51089
0.75356
0.22545
0.4394
0.31289
0.4254
0.47238
0.53575
0.57062
0.60588
0.72216
0.65398
0.39778
0.53816
0.66458
0.47352
0.54715
0.3207
0.41691
0.3976
0.39117
0.27664
0.37913
0.43235
0.55636
0.5931
0.45303
0.43727
0.50779
0.48602
0.48758
0.41325
0.29294
0.46447
0.50748
0.58407
0.49477
0.46046
0.57754
0.63709
0.37942
0.32647
0.63734
0.73882
0.72093
0.413
0.48475
0.4758
0.40514
0.54263
0.35674
0.61717
0.55894
0.67745
0.86499
0.65132
0.42539
0.54904
0.41789
0.71044
0.58337
0.61043
0.40596
0.46614
0.41329
0.44037
0.4495
0.34073
0.7053
0.47391
0.49911
0.33714
0.43231
0.3086
0.54826
0.42467
0.30063
0.41011
0.50931
0.44584
0.5795
0.3857
0.42436
0.32679
0.49738
0.51156
0.38318
0.73799
0.37902
0.29696
0.47149
0.6397
0.426
0.25587
0.62891
0.51971
0.30967
0.51806
0.55395
0.37662
0.5306
0.4152
0.44864
0.64626
0.27927
0.29857
0.61604
0.40774
0.56117
0.58249
0.60145
0.34436
0.68249
0.73054
0.67249
0.34488
0.66981
0.67812
0.17801
0.40646
0.44163
0.67199
0.36263
0.35765
0.53627
0.60392
0.53341
0.56764
0.57012
0.63056
0.38523
0.46682
0.74768
0.58694
0.51595
0.50009
0.30832
0.83463
0.29689
0.49305
0.60373
0.53253
0.4043
0.5448
0.47408
0.21836
0.34654
0.50746
0.70334
0.44847
0.60983
0.43472
0.43323
0.63879
0.56621
0.61696
0.64691
0.54612
0.38342
0.47616
0.53656
0.79341
0.40597
0.71535
0.39985
0.45742
0.65033
0.55373
0.63777
0.48054
0.28759
0.68963
0.55223
0.54743
0.75236
0.62914
0.60904
0.32768
0.50734
0.54347
0.58469
0.37546
0.69699
0.27114
0.5409
0.48498
0.13371
0.38078
0.55315
0.42143
0.57038
0.56409
0.52047
0.48249
0.58508
0.52067
0.37001
0.74819
0.35469
0.49197
0.59978
0.53219
0.58635
0.37402
0.32864
0.71511
0.30005
0.61448
0.60122
0.66412
0.36456
0.688
0.51721
0.48302
0.54061
0.50213
0.35728
0.42933
0.63083
0.66939
0.53275
0.62511
0.37209
0.56083
0.55406
0.47832
0.71229
0.35654
0.36668
0.47666
0.46134
0.32295
0.66526
0.49307
0.6599
0.59349
0.44244
0.39472
0.51045
0.45852
0.45522
0.56795
0.71096
0.48357
0.498
0.20918
0.64378
0.50199
0.69997
0.57537
0.40705
0.57831
0.50318
0.59151
0.3792
0.37676
0.22262
0.59437
0.61616
0.53189
0.35572
0.32597
0.44868
0.58158
0.50569
0.3206
0.3311
0.31587
0.66601
0.35645
0.76595
0.32989
0.45591
0.43809
0.70495
0.47231
0.70782
0.31612
0.54902
0.65027
0.45412
0.59939
0.44319
0.37074
0.37154
0.43514
0.36365
0.5808
0.51689
0.39415
0.43323
0.3234
0.56572
0.651
0.26401
0.41632
0.51456
0.66963
0.4519
0.50196
0.59646
0.52701
0.55628
0.40536
0.51571
0.55756
0.32162
0.29714
0.4954
0.24285
0.51941
0.3876
0.39767
0.41329
0.44747
0.56311
0.41509
0.46196
0.70748
0.34861
0.65385
0.36744
0.44809
0.65694
0.25524
0.41068
0.28506
0.46076
0.21046
0.27299
0.49303
0.41429
0.2873
0.51373
0.45325
0.75681
0.39364
0.4471
0.57206
0.31652
0.76891
0.18146
0.52447
0.30694
0.45771
0.45623
0.49754
0.39424
0.35938
0.63325
0.33243
0.40448
0.63295
0.75048
0.61965
0.28001
0.4742
0.71508
0.4265
0.26663
0.64234
0.58874
0.31714
0.50875
0.47193
0.3429
0.75138
0.45225
0.63356
0.36142
0.69998
0.64197
0.53912
0.57767
0.50701
0.37951
0.40062
0.41139
0.40602
0.49665
0.49772
0.44959
0.4077
0.37756
0.47298
0.21168
0.50532
0.66641
0.5483
0.76094
0.6749
0.55409
0.49779
0.50316
0.68211
0.57952
0.37352
0.51465
0.76319
0.6609
0.39614
0.50426
0.55799
0.36267
0.52076
0.4747
0.46583
0.30853
0.4404
0.52694
0.56931
0.40388
0.56666
0.55289
0.43423
0.46755
0.46101
0.62962
0.33639
0.61596
0.53849
0.399
0.67641
0.53055
0.36606
0.58718
0.45782
0.40517
0.55526
0.41706
0.57463
0.42431
0.53742
0.52908
0.56295
0.41931
0.43425
0.41198
0.65258
0.42498
0.52476
0.42909
0.34224
0.72228
0.81921
0.63945
0.56383
0.64642
0.38447
0.31594
0.40985
0.65054
0.54484
0.46555
0.53989
0.48586
0.69503
0.39261
0.33804
0.62632
0.42639
0.68142
0.65228
0.46301
0.58903
0.41432
0.43223
0.49246
0.65334
0.41879
0.40395
0.65917
0.60837
0.63105
0.39656
0.56366
0.15505
0.48585
0.7802
0.50195
0.58545
0.59256
0.35936
0.47641
0.40562
0.47126
0.56433
0.37093
0.53532
0.38415
0.42384
0.44264
0.6952
0.41237
0.58306
0.65824
0.41629
0.54485
0.38148
0.32424
0.45869
0.28032
0.7512
0.43656
0.74098
0.63113
0.63558
0.4231
0.5672
0.39481
0.42016
0.44857
0.61177
0.53353
0.51
0.56191
0.3223
0.44918
0.4984
0.57828
0.47961
0.30368
0.31623
0.5227
0.55254
0.31947
0.47331
0.47372
0.6118
0.57433
0.65959
0.59926
0.54156
0.41778
0.48202
0.49525
0.41078
0.31151
0.45126
0.61943
0.21451
0.59659
0.677
0.44156
0.30301
0.6247
0.75907
0.41677
0.41045
0.60062
0.45421
0.4761
0.47803
0.60191
0.49532
0.42123
0.28273
0.5211
0.47507
0.76579
0.30784
0.66713
0.43044
0.52941
0.39353
0.57545
0.28902
0.52652
0.53195
0.1855
0.56122
0.70577
0.57573
0.58073
0.67685
0.64029
0.61984
0.4941
0.54215
0.38042
0.58172
0.55095
0.46437
0.63676
0.53844
0.44683
0.40947
0.6325
0.63237
0.7824
0.55311
0.42676
0.24238
0.51462
0.4776
0.61941
0.42473
0.40573
0.53415
0.56417
0.59088
0.48507
0.593
0.47698
0.35335
0.48911
0.65284
0.52859
0.61019
0.86874
0.58467
0.4513
0.31
0.32571
0.32611
0.48069
0.73597
0.59781
0.49678
0.25418
0.49333
0.47812
0.67951
0.33498
0.59166
0.52908
0.41044
0.40646
0.54121
0.36292
0.51221
0.53944
0.62434
0.76641
0.66113
0.40159
0.79868
0.35818
0.52899
0.54927
0.49971
0.60977
0.53224
0.56825
0.45355
0.3257
0.40357
0.48612
0.50688
0.52444
0.27158
0.48052
0.29614
0.54139
0.41335
0.31146
0.5948
0.32477
0.59651
0.30564
0.17299
0.47187
0.62663
0.67265
0.35484
0.50138
0.36398
0.36454
0.41498
0.5828
0.54282
0.54778
0.69645
0.60972
0.56295
0.68741
0.7067
0.32559
0.67404
0.46439
0.62997
0.4698
0.44107
0.42567
0.41455
0.54265
0.39045
0.51845
0.56774
0.5694
0.43898
0.51754
0.47768
0.31615
0.52592
0.48611
0.44151
0.58162
0.60099
0.50108
0.41602
0.64097
0.44334
0.71881
0.48803
0.52903
0.67134
0.39812
0.51416
0.42522
0.42107
0.66379
0.49167
0.63313
0.32958
0.57503
0.56783
0.41393
0.69532
0.62423
0.52905
0.39069
0.48591
0.62136
0.48369
0.42532
0.59548
0.63301
0.31966
0.42474
0.71811
0.49244
0.41149
0.43989
0.38469
0.61336
0.65421
0.36062
0.43381
0.41366
0.67291
0.26037
0.29691
0.53044
0.47581
0.68756
0.49885
0.77217
0.57379
0.45859
0.46925
0.5463
0.25728
0.40835
0.42207
0.49825
0.59524
0.63698
0.38925
0.47247
0.66911
0.45063
0.55053
0.47315
0.30736
0.42088
0.53633
0.45146
0.66826
0.62357
0.50117
0.66267
0.47202
0.45223
0.46204
0.50806
0.56244
0.44877
0.5296
0.68859
0.35485
0.74619
0.51415
0.38525
0.47775
0.46137
0.6196
0.67459
0.66043
0.39323
0.43329
0.751
0.52613
0.38711
0.62958
0.51016
0.46692
0.4166
0.41553
0.74049
0.54274
0.37276
0.49553
0.43021
0.41091
0.47838
0.42927
0.56472
0.39311
0.39167
0.62059
0.71706
0.53493
0.40107
0.78364
0.19164
0.48178
0.38882
0.28723
0.41115
0.5747
0.55315
0.75384
0.64686
0.39948
0.36509
0.47126
0.6713
0.35909
0.60081
0.23602
0.4039
0.43875
0.491
0.42618
0.56785
0.59041
0.37899
0.56625
0.55479
0.73534
0.61292
0.66238
0.52988
0.66185
0.64223
0.4968
0.814
0.2163
0.48708
0.41501
0.38194
0.55795
0.51095
0.51736
0.14166
0.61231
0.59384
0.63033
0.59545
0.51563
0.58057
0.45189
0.37452
0.52929
0.52487
0.46036
0.61456
0.82444
0.55388
0.61006
0.49098
0.69221
0.70314
0.33788
0.48693
0.30756
0.49851
0.45181
0.4874
0.36697
0.56783
0.59837
0.63039
0.45549
0.46883
0.57308
0.4275
0.45737
0.64976
0.4399
0.36725
0.001126
0.50913
0.63911
0.68025
0.51864
0.52968
0.45111
0.51594
0.64543
0.54278
0.4264
0.49311
0.79039
0.59361
0.60784
0.57623
0.33813
0.46182
0.49542
0.51994
0.29006
0.72412
0.59918
0.46012
0.51209
0.48913
0.49937
0.61818
0.56841
0.28696
0.4851
0.32777
0.51977
0.402
0.63967
0.31985
0.55912
0.32049
0.28338
0.47421
0.2701
0.43309
0.22078
0.48676
0.66534
0.38801
0.54422
0.30405
0.62484
0.52787
0.48256
0.68904
0.61064
0.53369
0.40476
0.54322
0.69188
0.48191
0.42292
0.53333
0.45825
0.50187
0.65987
0.27712
0.43437
0.51231
0.59384
0.47053
0.29664
0.56103
0.50919
0.73625
0.25316
0.60413
0.67668
0.59971
0.57091
0.72117
0.31104
0.57204
0.5874
0.40045
0.25779
0.59927
0.31792
0.64268
0.61973
0.3727
0.76776
0.36969
0.3368
0.66084
0.5655
0.40967
0.25356
0.57799
0.6112
0.42764
0.55443
0.53692
0.65426
0.41737
0.59773
0.68406
0.57692
0.42307
0.4147
0.64149
0.56558
0.3871
0.45456
0.40567
0.17518
0.30079
0.46413
0.45819
0.59515
0.55312
0.57745
0.52498
0.62996
0.68796
0.61472
0.3864
0.55741
0.47824
0.55176
0.46652
0.50692
0.57556
0.58633
0.43196
0.55486
0.47158
0.30313
0.62802
0.47212
0.36848
0.56766
0.28175
0.35898
0.30263
0.47672
0.65078
0.66601
0.49319
0.44925
0.3805
0.54421
0.53521
0.44001
0.63054
0.34332
0.42871
0.49988
0.55917
0.41899
0.5271
0.51968
0.67351
0.58993
0.67999
0.46826
0.42043
0.34801
0.52988
0.3893
0.37935
0.24098
0.57501
0.71506
0.61325
0.61253
0.26359
0.43571
0.56981
0.49893
0.61135
0.68849
0.32634
0.59403
0.57774
0.21911
0.48702
0.38179
0.49699
0.7037
0.41527
0.42595
0.56849
0.50864
0.63911
0.62336
0.57948
0.51745
0.70926
0.56683
0.46329
0.65916
0.46107
0.4317
0.24182
0.39752
0.32009
0.50555
0.55382
0.51089
0.94615
0.57863
0.44306
0.73562
0.42848
0.47791
0.46623
0.47328
0.44562
0.2877
0.63759
0.55159
0.57763
0.69773
0.46647
0.31379
0.5716
0.37736
0.28658
0.51556
0.58239
0.58223
0.42688
0.21382
0.16825
0.49888
0.50598
0.33597
0.59596
0.41735
0.36015
0.29913
0.57534
0.49603
0.4225
0.72934
0.077989
0.43057
0.38066
0.37539
0.55429
0.50558
0.40873
0.386
0.70334
0.58066
0.28229
0.59215
0.61949
0.6236
0.37283
0.32719
0.44721
0.33533
0.31645
0.52742
0.40629
0.53328
0.37157
0.59224
0.64291
0.53169
0.47492
0.48363
0.42792
0.25963
0.59765
0.23973
0.71703
0.44313
0.4541
0.62622
0.26585
0.37811
0.39157
0.74017
0.73139
0.59589
0.45394
0.19689
0.5919
0.42308
0.60229
0.49948
0.37247
0.53904
0.31838
0.43128
0.29055
0.65195
0.45108
0.3566
0.68198
0.53171
0.59646
0.57616
0.68867
0.63917
0.43263
0.48644
0.42707
0.47285
0.48343
0.62211
0.48903
0.50584
0.41549
0.54152
0.47385
0.57037
0.51281
0.31409
0.37003
0.53874
0.50848
0.50893
0.46082
0.3856
0.48984
0.44777
0.57805
0.47758
0.40702
0.4333
0.56335
0.59195
0.43275
0.42927
0.57301
0.43003
0.51062
0.569
0.53387
0.48839
0.58603
0.5854
0.45296
0.62138
0.69279
0.70898
0.49676
0.75444
0.40526
0.44786
0.23537
0.41542
0.45668
0.52562
0.57136
0.57649
0.65265
0.60646
0.60985
0.55354
0.59587
0.54317
0.37422
0.44497
0.40626
0.58254
0.64809
0.67745
0.40437
0.64978
0.73428
0.21674
0.42354
0.59515
0.48527
0.4838
0.52698
0.36668
0.32062
0.49364
0.36088
0.46577
0.52375
0.45218
0.58899
0.55739
0.39244
0.4583
0.41997
0.76932
0.60993
0.71927
0.3036
0.5258
0.39412
0.57437
0.49043
0.61431
0.60728
0.49342
0.46604
0.54801
0.3877
0.48444
0.59675
0.6171
0.64819
0.43838
0.48062
0.58122
0.53436
0.57454
0.33519
0.4629
0.53812
0.54109
0.5604
0.32666
0.392
0.69555
0.67452
0.3134
0.57786
0.35904
0.61125
0.77146
0.6517
0.40433
0.42376
0.32455
0.68231
0.36137
0.6525
0.46141
0.4985
0.73649
0.68806
0.49852
0.59364
0.72727
0.34525
0.67271
0.48114
0.69767
0.54127
0.43465
0.67499
0.74657
0.3023
0.45968
0.56508
0.29892
0.22123
0.43436
0.39608
0.26977
0.52978
0.41799
0.48644
0.43184
0.49657
0.44813
0.45993
0.42883
0.456
0.62692
0.23161
0.36587
0.17337
0.28013
0.39826
0.51494
0.2832
0.6251
0.46138
0.3582
0.47752
0.51196
0.45595
0.52873
0.56648
0.60168
0.47254
0.51251
0.66627
0.53198
0.52995
0.53452
0.56405
0.5589
0.41962
0.5052
0.3455
0.48786
0.38377
0.30061
0.40137
0.42017
0.45027
0.38007
0.43895
0.35954
0.39666
0.3554
0.20003
0.69623
0.48853
0.704
0.67293
0.62732
0.52711
0.71853
0.37614
0.5927
0.50419
0.6778
0.41702
0.43404
0.63372
0.59716
0.36333
0.60601
0.47482
0.48165
0.46423
0.33532
0.61987
0.59845
0.25206
0.41392
0.49129
0.68011
0.56379
0.45842
0.44587
0.70833
0.44266
0.48992
0.60929
0.50552
0.80497
0.39997
0.2755
0.44913
0.5761
0.15705
0.61263
0.67199
0.41748
0.35703
0.29267
0.62098
0.56191
0.55802
0.59062
0.57808
0.52287
0.53213
0.26276
0.76468
0.55765
0.85732
0.51013
0.46013
0.59036
0.53042
0.20711
0.51204
0.60391
0.28057
0.38654
0.61142
0.53159
0.55969
0.42687
0.49704
0.79721
0.46393
0.10382
0.57013
0.35641
0.25337
0.301
0.35978
0.34591
0.38776
0.43456
0.40073
0.2398
0.43821
0.55772
0.45591
0.64039
0.80135
0.23252
0.42643
0.62433
0.51354
0.26156
0.82411
0.24998
0.69092
0.28416
0.51111
0.60407
0.42027
0.52072
0.20784
0.15822
0.58035
0.49838
0.68689
0.38275
0.49698
0.42067
0.76968
0.50665
0.53074
0.24831
0.59723
0.71968
0.34402
0.51474
0.32186
0.53242
0.53181
0.61987
0.37639
0.4056
0.53936
0.46545
0.20762
0.39567
0.58602
0.31425
0.68521
0.57971
0.34932
0.55539
0.60352
0.37881
0.49766
0.44612
0.37615
0.54345
0.18585
0.4709
0.55957
0.57777
0.54743
0.43776
0.6469
0.43516
0.59988
0.57347
0.46435
0.44824
0.8467
0.72288
0.46018
0.50926
0.51213
0.40128
0.74536
0.63013
0.40825
0.36499
0.56406
0.54358
0.33963
0.37593
0.45165
0.38013
0.33199
0.5643
0.65512
0.75672
0.46088
0.23451
0.20566
0.92402
0.66675
0.54882
0.32606
0.26715
0.69825
0.34097
0.56205
0.6159
0.55253
0.7513
0.51456
0.72577
0.51816
0.61983
0.30658
0.6246
0.60058
0.6449
0.70445
0.47803
0.55678
0.61162
0.34828
0.50106
0.56275
0.38511
0.47806
0.34822
0.45756
0.54653
0.16772
0.31641
0.36364
0.49854
0.50054
0.65843
0.60741
0.35214
0.4497
0.59222
0.49964
0.49529
0.51289
0.54844
0.50393
0.59674
0.54584
0.60408
0.48729
0.71859
0.24601
0.56035
0.83699
0.59169
0.5974
0.66153
0.6143
0.66268
0.511
0.33452
0.19289
0.5698
0.54038
0.41512
0.47512
0.53517
0.3923
0.099511
0.38292
0.70781
0.53737
0.43109
0.25918
0.73164
0.48917
0.41255
0.30272
0.53436
0.24519
0.64967
0.53285
0.37154
0.48417
