genomestart 193
trait 1 0.0970703 0.00280173 0 0 0.00966515 0 0 0 
trait 2 0.179688 0 0.0698419 0.00760081 0.015101 0.000960449 0.00907916 0.0111408 
trait 3 0.43125 0.00691724 0 0.0792075 0 0 0.020273 0 
node 1 3 1 3
node 2 3 1 1
node 3 3 1 1
node 4 3 0 2
node 5 3 0 2
gene 3 1 4 2.77775 0 1 2.77775 1
gene 3 1 5 0.116535 0 2 0.116535 1
gene 3 2 4 3.58609 0 3 3.58609 1
gene 3 3 5 -1.32978 0 4 -1.32978 1
gene 3 4 5 -1.37934 0 12 -1.37934 1
gene 1 3 4 -0.671599 0 43 -0.671599 1
gene 2 2 5 -1.1355 0 83 -1.1355 1
genomeend 193
