genomestart 182
trait 1 0.0970703 0.00280173 0 0 0.00966515 0 0 0 
trait 2 0.179688 0 0.0698419 0.00760081 0.015101 0.000960449 0.00907916 0.0111408 
trait 3 0.43125 0.00691724 0 0.0792075 0 0 0.020273 0 
node 1 3 1 3
node 2 3 1 1
node 3 3 1 1
node 4 3 0 2
node 5 3 0 2
gene 3 1 4 1.23828 0 1 1.23828 1
gene 3 1 5 1.42291 0 2 1.42291 0
gene 2 2 4 1.86903 0 5 1.86903 1
gene 3 3 5 0.381956 0 21 0.381956 1
gene 3 5 4 0.638617 0 74 0.638617 1
gene 3 2 5 0.632153 0 92 0.632153 1
gene 1 3 4 -0.455908 0 101 0 1
genomeend 182
