0.52962
0.53815
0.72318
0.46529
0.38037
0.68405
0.75006
0.68017
0.34293
0.51001
0.36874
0.29218
0.45172
0.53348
0.65437
0.5581
0.29015
0.57384
0.5192
0.72522
0.57746
0.60847
0.63461
0.51382
0.45606
0.22054
0.59225
0.30269
0.30377
0.39641
0.29577
0.57542
0.5448
0.71097
0.58229
0.57511
0.41083
0.66496
0.35348
0.54048
0.54565
0.43114
0.6362
0.49944
0.76806
0.51368
0.53285
0.56122
0.62752
0.49235
0.70479
0.42024
0.65367
0.63758
0.14342
0.43669
0.62287
0.46998
0.57844
0.5211
0.9372
0.39489
0.47767
0.21345
0.86879
0.40742
0.39571
0.54121
0.44488
0.58652
0.19705
0.43064
0.64278
0.51788
0.83881
0.61968
0.89776
0.61562
0.6432
0.32775
0.24616
0.71566
0.16031
0.5373
0.32861
0.53687
0.48606
0.52783
0.82789
0.53111
0.59393
0.55274
0.57566
0.16573
0.38426
0.43835
0.52039
0.55421
0.47273
0.41703
0.57264
0.58121
0.43009
0.2562
0
0.49582
0.47722
0.74977
0.44141
0.4257
0.42149
0.48852
0.32794
0.53573
0.72583
0.48981
0.381
0.38202
0.38316
0.4995
0.48723
0.38547
0.80196
0.45254
0.84428
0.57449
0.4824
0.56557
0.36861
0.46864
0.64955
0.50198
0.54993
0.46732
0.57593
0.55037
0.54018
0.33551
0.62504
0.85542
0.48345
0.69145
0.63269
0.50453
0.30791
0.43051
0.61262
0.50193
0.74231
0.64156
0.28335
0.59735
0.59927
0.26501
0.55707
0.46921
0.46787
0.76912
0.5129
0.56086
0.44336
0.57051
0.39321
0.24377
0.4402
0.52154
0.2346
0.33694
0.52289
0.26236
0.44295
0.56333
0.19664
0.75082
0.45966
0.66191
0.55248
0.48159
0.75891
0.81401
0.76974
0.39741
0.61769
0.54736
0.50761
0.84407
0.66169
0.727
0.36869
0.59014
0.59091
0.58123
0.70422
0.46867
0.2711
0.76518
0.28188
0.32664
0.37642
0.51148
0.26581
0.24597
0.53982
0.63706
0.14572
0.6478
0.61275
0.57041
0.44897
0.67245
0.5481
0.46177
0.37017
0.57461
0.53418
0.53174
0.34087
0.41497
0.34709
0.66691
0.46787
0.41181
0.51967
0.39251
0.47954
0.52929
0.55561
0.68501
1
0.7158
0.50984
0.54872
0.64741
0.48391
0.46621
0.42274
0.41831
0.53162
0.29332
0.76681
0.4932
0.38894
0.5822
0.69769
0.4643
0.39726
0.67129
0.22433
0.47894
0.60914
0.74907
0.36467
0.46613
0.94175
0.60338
0.58734
0.73634
0.53668
0.77746
0.66517
0.89524
0.49423
0.58507
0.35959
0.5431
0.61073
0.5504
0.52729
0.34963
0.47904
0.50371
0.12555
0.45451
0.74964
0.43667
0.56491
0.73174
0.29243
0.4544
0.40817
0.40417
0.40719
0.46528
0.6184
0.23477
0.29476
0.43916
0.54838
0.68674
0.40545
0.40858
0.54341
0.20895
0.68478
0.42406
0.48092
0.23496
0.17049
0.83426
0.59041
