0.096447
-1.6867
-0.67038
1.5211
0.73494
0.13475
1.0701
-0.0049874
0.95425
0.52671
0.91649
0.60094
-0.17208
-0.18522
1.0137
0.35358
-0.091829
1.3777
-0.14059
1.4624
-0.55372
-1.6043
1.0742
1.5036
0.5298
-0.34996
0.67892
-0.25024
-0.092979
0.9795
0.34616
1.1727
-0.43641
1.3134
-0.13889
0.7775
0.50687
-0.91493
0.41307
-0.18275
1.4925
1.0723
0.78574
1.3437
0.43251
0.58738
0.57061
0.54417
0.047382
0.29751
-0.12848
-2.6698
-0.79997
1.1717
0.17802
1.1031
-2.1958
1.0953
-0.15421
1.4707
-1.412
1.0874
0.11616
-1.4622
-1.4036
0.73138
-0.19201
1.5559
-0.99044
-1.3412
0.39442
0.57171
1.1248
0.45952
0.28428
-1.0418
0.78695
1.6322
1.999
0.938
-0.94662
-1.2419
-1.0995
-0.21767
0.056296
0.75628
-0.13167
0.67784
-2.3056
-0.30016
-0.89336
0.19253
-0.18643
0.19395
1.0428
-1.4761
1.063
0.99213
0.18782
1.472
0.30959
-0.29283
1.0248
0.33615
0.67924
1.8294
-0.7145
0.19695
-1.2826
-0.10502
-0.18786
-0.62564
1.3398
1.7431
-2.443
0.16963
0.19932
-0.328
-1.7101
-1.9242
-0.52103
-2.626
0.80817
0.18078
1.0687
0.98604
-0.46361
0.38958
1.8229
0.98243
0.64202
0.38666
0.90136
1.3163
0.13169
0.77325
0.35096
1.9003
-0.78371
0.61417
0.86487
1.0518
0.20254
0.52908
0.34318
0.4235
0.44132
0.77535
0.6829
-0.10108
0.66365
-0.46747
1.3839
1.18
-0.31378
0.15001
-1.8051
0.3401
-0.97982
0.089809
0.5821
-0.36917
0.46472
0.90579
-1.0111
0.36026
0.74875
0.40148
2.0945
-1.015
0.1765
0.059797
-0.17964
0.82239
1.3485
0.64556
0.78232
2.0934
-1.1043
-0.64978
1.1617
0.016431
-0.9638
0.74438
1.0352
-0.11997
-0.066175
-0.41905
0.038389
0.10287
-0.046133
0.39077
-2.0742
-0.13398
-0.54137
0.94135
-1.1155
1.1975
0.50225
0.11393
1.0634
1.5267
1.0087
0.16627
0.65769
1.505
-2.1693
-0.095349
1.9204
-2.4481
-1.0838
1.8954
0.63229
0.042597
-0.71438
0.17922
-1.1467
-0.038018
-0.246
-0.18639
-0.36573
-1.0267
-1.4869
0.30768
0.35489
0.23806
0.53769
1.1052
-0.24009
-2.075
0.65401
1.6923
-0.57651
0.28689
-1.6919
0.12754
0.47433
-0.12001
-0.51147
0.12588
1.3311
-1.9581
-0.44637
0.041251
-0.90534
0.76176
-1.0614
0.816
0.91384
-1.9388
0.11052
2.0756
1.03
-0.85057
-0.43565
0.58117
1.3233
0.18228
0.77784
0.31235
-0.73539
-0.85825
-0.37677
0.16221
-0.087553
0.68606
-0.4363
0.82566
0.78818
1.5649
0.87417
0.77557
-0.53193
0.18572
0.26767
-0.30068
1.2326
-0.46648
-0.45937
0.22222
0.81635
-0.31492
-0.34362
-3.0276
-0.99522
0.9453
0.064829
0.652
0.47284
0.3402
1.5887
0.84535
0.73174
-3.0124
-1.2215
0.88568
-2.1412
-0.17594
-0.022336
-0.61706
1.4537
0.36173
0.5184
-2.4807
0.24149
0.7062
-1.0869
0.82173
-0.46075
1.391
1.1964
-0.91885
0.30112
1.2145
-1.0101
1.8122
-0.56963
-0.40272
0.5976
1.1442
-1.6293
0.28177
-0.54688
-1.641
0.40997
-0.5249
-1.7061
0.78737
-0.30534
-0.053252
-0.45954
-0.42252
-0.50338
-0.24928
-0.21038
0.02742
0.61363
0.15514
-0.32087
-0.41476
-0.48709
-0.088468
0.6807
0.99467
-0.13637
1.7595
0.48273
-0.82906
1.1994
-0.19318
0.43248
1.8166
-0.47588
0.70999
0.55002
1.7388
0.50341
2.1224
0.87137
-1.9436
1.0204
0.47331
0.58292
1.0997
0.64037
-0.1847
1.1605
-1.4174
1.1185
0.17588
1.3702
-0.92639
0.44011
0.44975
0.51077
-0.56868
0.038322
-0.099201
0.30581
0.94458
-1.2778
0.12297
1.4329
0.45372
0.65324
-0.12091
-0.2955
0.4863
0.66363
1.1709
0.38545
-0.019201
0.34934
0.99925
0.68853
-1.0797
-0.11333
1.5188
0.92429
-2.1135
0.4468
0.030215
-0.40946
0.10791
-0.4616
-0.25856
0.84012
-0.043973
1.2872
1.0606
0.85799
0.84666
0.78099
0.2756
0.54715
0.9727
2.1482
0.73179
0.41588
0.77656
0.39174
-0.35054
0.97423
1.1
-0.095883
-0.22563
-0.39935
-2.5001
0.42216
-3.0337
-0.29258
-0.36978
-0.22113
0.50866
-0.033358
-2.5618
-0.1126
0.40195
-0.17063
0.90661
-2.1705
0.81176
0.2226
1.4955
0.59734
0.90379
-1.5209
1.4873
0.41578
-0.41663
1.3992
-1.2505
-0.78666
-1.7684
1.0648
1.7179
0.73
0.12586
-3.0714
0.48188
0.031438
-0.50084
-2.6404
0.69679
-2.0934
-0.6505
1.2128
-0.32273
-0.85107
0.52803
0.58266
1.002
0.59522
-1.7629
-0.51939
1.2543
0.18479
-0.35893
1.2712
-0.067629
-0.16807
-0.35736
0.94516
-0.23907
0.94871
0.19039
-0.24709
0.83153
0.33029
-1.4422
-0.22271
0.86941
1.8796
-0.14711
-1.5961
-0.64432
-0.38381
0.37288
0.19098
0.81804
0.50344
0.88712
0.15264
1.1955
-1.1528
0.064397
-0.51404
1.4659
1.3774
0.99487
1.2694
0.98819
-0.36655
0.48516
0.034747
-0.81804
-0.56559
0.31258
1.1405
-1.8477
-0.10214
-0.33892
0.23255
0.80554
-2.3024
0.85098
-2.7079
-0.5287
0.054244
1.3139
0.22725
-0.11933
0.69093
0.84818
-0.43992
0.96667
-0.28741
0.85895
1.2698
0.55732
0.46943
0.30123
-1.2525
0.72176
-0.82909
1.2445
0.019643
0.84562
-0.9846
0.094646
-0.13666
-0.52136
1.2315
1.3127
-1.2038
0.045311
1.8
0.13351
0.21478
0.75573
1.2438
0.11238
-0.59318
-0.078041
-0.31602
0.14904
0.44413
0.43026
0.52644
0.25874
-0.36295
0.9769
1.3579
1.5992
0.92753
0.90855
0.21049
-1.9518
-0.15542
0.34325
0.18411
0.64048
-1.1051
1.2231
0.023352
0.019296
0.34539
1.0491
1.2315
1.0119
0.55902
-1.0035
-0.20464
1.4035
0.24147
1.2672
-1.9173
0.53387
-0.87988
0.47383
1.2241
0.59934
-0.18148
-1.0163
0.97805
0.2994
-0.071016
0.13508
-1.1269
1.6049
-0.70077
1.1127
-2.0303
0.61797
0.36802
0.52183
-1.0477
0.51754
0.90806
-0.1241
-1.6879
0.75886
-1.2695
0.6363
0.68688
0.056617
-0.70315
0.20546
0.17106
0.44845
0.5173
0.83396
-0.53219
-0.81102
1.0095
0.51506
0.73973
1.0012
1.0314
-1.8491
-1.025
1.7861
0.012452
0.13806
1.434
0.23227
0.96595
0.09071
1.3959
0.43109
0.87525
0.35661
0.42197
0.92792
0.96262
-0.051146
-1.3327
0.079842
-0.63964
0.6996
0.24157
0.94667
-1.2533
-0.0721
0.47096
0.27809
-0.94053
-0.5809
-1.7376
-2.0765
-1.0342
2.0199
0.4433
0.084527
0.71434
0.15475
1.2957
-0.96905
1.3784
-0.5983
-0.09782
-1.506
-0.16486
0.41495
0.074382
1.2737
-0.30378
0.42617
0.8456
-2.1603
-0.51021
1.9712
-0.72366
0.29721
0.94745
0.47378
0.60217
-0.49477
1.6714
-1.0777
0.037079
-1.3514
-2.1604
-0.25531
-1.0177
1.235
0.021685
0.95462
0.93108
-2.1329
1.1507
1.5688
0.22743
-0.23277
0.67083
0.55806
0.24439
-1.0493
-0.42243
-1.5592
1.0546
-0.83475
-1.244
0.31564
-0.3701
1.175
0.4085
0.43858
0.9769
-1.2068
0.558
0.70697
0.59709
-1.9805
0.6513
-0.4339
0.4405
-0.17351
0.64244
-0.55846
0.2589
0.1215
-1.4434
-2.1978
1.0903
-1.3718
1.2361
1.4445
-0.40527
0.020934
0.26539
-0.45097
-0.040213
0.63036
0.68953
0.54557
-0.027063
-0.69461
0.20084
-0.65129
-0.15854
0.85795
-0.33045
-0.32153
-0.4107
1.7518
0.6771
0.26563
-0.79691
0.79267
-0.33318
0.1187
0.27247
0.67357
-1.0955
0.65973
-0.16589
0.70527
-0.073606
1.4923
1.2437
-2.144
-0.2907
1.5268
0.90564
-0.0028319
0.23061
-2.2675
0.37345
0.31086
-2.1048
1.2002
-0.03759
-0.12925
0.22142
1.1934
0.521
0.12767
0.42181
-0.21369
0.5694
0.26602
-0.030232
0.92185
-0.68824
0.14148
0.54597
0.52428
0.46869
1.543
0.20087
0.69635
0.32305
0.31045
0.374
-0.7297
-0.086695
1.6735
-1.6354
0.28288
-0.70512
1.5295
1.1028
0.68727
0.71536
-1.501
-0.98858
1.1348
-1.1222
0.094829
0.28401
0.5547
0.11894
1.6966
0.25196
1.4898
-0.6196
-0.4905
1.3936
1.0072
0.54037
-0.58766
-0.61883
1.0271
-1.0429
-0.10645
-0.9243
-0.87088
-0.52574
-1.2254
-0.12254
-0.97488
1.1924
0.71307
-0.16668
-0.49396
0.67061
0.16827
0.74401
-1.7014
-1.8939
0.39269
0.85921
0.46408
1.0378
0.80786
-0.35726
0.20824
-0.027098
-1.1586
0.55479
1.5341
-1.9935
-1.0686
-0.13961
0.15576
0.75767
-0.91799
0.82012
0.62179
0.94297
0.45872
-1.734
-0.62946
1.5865
1.3381
-0.77719
0.10314
0.89304
-0.8547
0.041418
1.5442
0.91367
-0.5749
1.1643
-0.84714
0.043804
-0.67906
0.85091
0.87933
0.88686
-0.12769
-2.214
-0.42132
-0.022882
1.4778
-0.091838
-0.56584
-0.62262
-0.86648
-1.7087
0.31726
0.01024
0.64136
-0.92506
0.92629
-0.40775
-0.31593
1.6019
1.3982
1.9736
0.69136
0.7634
0.82548
-0.78504
0.86549
-1.3907
-1.6934
0.10307
-0.35623
-0.67048
-0.21895
-0.23134
0.33571
-0.57809
0.69094
1.2149
-0.0089641
0.56523
0.78889
-0.41629
1.0423
-0.58247
0.27075
-0.96299
0.60331
0.40063
0.532
1.6105
-1.6352
1.3222
1.291
-1.1685
0.22974
0.34787
0.80943
-0.42712
-0.46464
-0.33814
1.8273
-0.90005
1.0986
0.34914
1.3776
0.59854
-0.9876
-0.52406
-0.71699
0.8388
-0.48834
-0.80549
0.37135
0.24624
0.61895
0.22178
-0.18988
0.53898
0.48119
0.62933
-0.62378
1.2772
-0.36821
0.97213
0.30462
-1.3625
0.81703
-1.2732
-0.047108
-0.84374
-0.20497
-1.1197
-0.80842
-0.37566
0.99447
-0.49792
-0.33831
0.18401
-0.72398
-0.66812
0.84567
-1.296
0.296
0.71876
0.92091
0.46823
0.05103
0.28285
0.72287
0.12541
0.8787
-1.2562
-0.14621
1.5279
0.7312
-0.3711
-0.69784
0.45959
0.99357
-1.8362
-0.74606
0.40406
0.14187
0.62906
0.5226
-0.48169
0.86503
0.86305
1.4426
-1.6146
-0.60572
-0.88158
1.0462
0.14325
0.25742
-0.39422
0.55414
0.92733
0.77537
-0.72405
0.093078
-2.7107
0.43466
1.0228
-0.45406
1.7166
-0.1293
-1.1531
0.96405
-0.74009
-1.2637
-1.179
1.4365
1.1011
0.25592
-0.20981
-0.064317
0.56324
0.62628
0.469
0.97793
1.294
1.2002
0.22227
0.76378
0.66537
1.1807
1.2694
-0.12187
0.68069
1.1036
1.4235
0.65286
0.25557
0.30044
0.57254
-0.56899
-1.6233
0.028293
-2.654
1.4887
0.79358
1.3465
0.69348
-0.94468
1.4466
1.2827
0.4195
-0.024842
0.78357
0.79465
-2.0248
-0.74422
0.23158
-1.7024
0.38738
1.2446
0.30018
-1.1028
0.25732
0.19854
1.1754
0.60989
-1.5976
0.69179
-0.34963
0.17773
1.4644
-1.5488
-0.34925
0.077668
0.39311
0.6879
0.1131
0.85082
-0.46206
1.2313
0.033296
0.57994
1.3535
-0.61449
0.28198
-0.1834
0.61197
0.7174
-0.5389
0.37241
1.7374
-0.64588
-1.3098
-0.49268
0.33641
0.88471
1.2734
0.74278
-0.37298
0.30927
1.2923
-0.1754
0.93622
-0.1013
-0.09057
-0.60732
-0.022379
0.27005
0.52776
-0.27844
-0.48657
-0.29608
1.3727
0.7385
0.10544
-0.071611
-2.2376
0.56758
0.79392
0.82703
0.68352
0.58739
0.03838
0.30321
-0.71033
0.6051
-1.1195
0.1996
0.22916
0.24406
0.84155
0.66976
-0.46427
0.69044
-0.22849
0.56906
0.013386
1.1675
1.9024
0.22528
-2.0031
0.22792
0.64959
-1.5492
0.37212
1.9972
0.12638
-0.03384
-1.0355
0.38492
0.10375
-0.5445
0.95204
-1.0114
-0.54309
0.7932
1.3956
-0.037842
-0.20568
-0.79473
-0.71885
2.0686
-0.0051324
-0.0096136
1.6164
0.96516
-0.44058
0.39778
0.27598
1.1514
-1.4193
0.7485
-0.15285
-1.7187
-0.30888
2.0379
-0.36608
-0.10683
0.020317
-1.0983
-0.57697
0.84963
0.3219
0.43714
-0.8035
0.7834
-0.57865
0.25655
-0.41286
0.38894
0.3839
1.5336
0.58631
1.4101
1.7639
0.60878
0.018022
0.32404
0.84131
1.7534
-0.021759
1.0502
1.1795
-0.80482
1.2203
-0.28503
0.98813
2.1948
0.29539
-0.082668
0.80835
1.0118
-1.2483
0.46445
1.0223
1.1371
1.5001
0.059221
0.36519
0.21073
0.326
-0.5689
-0.97461
2.2572
0.13268
0.22635
-0.20175
0.58999
-0.39828
0.60309
-0.64961
-0.17482
-0.7684
-0.77132
1.0583
0.02512
-0.99978
-0.28864
0.20805
0.30665
-1.2077
2.3431
-0.40193
-0.18687
0.46261
1.304
0.49893
0.95012
1.0856
1.1615
0.64465
2.2548
-0.077516
0.53882
-0.30061
0.53008
1.3042
2.249
0.56862
-0.75058
0.0074585
-1.1689
-0.10427
0.21963
1.08
-0.080729
-0.086194
-0.8333
-1.1909
0.34781
-1.1638
1.4279
-0.449
0.79437
-1.4018
0.67815
-0.17209
0.28734
-1.1273
0.29652
0.9735
0.065139
0.16818
-0.84254
0.21898
1.8308
0.1982
-0.19463
-0.40135
0.8919
0.9873
-0.4415
-0.078967
1.3621
-0.082808
2.1412
0.40022
0.65056
1.2005
1.1455
0.079879
0.82045
0.89101
1.0917
-0.64538
1.495
1.3761
0.067201
0.53116
-0.1134
-1.1636
1.3152
1.0106
-0.46094
0.73326
0.20241
-0.73019
1.0463
1.1095
1.1554
-1.2397
1.1187
0.38284
-0.77386
-0.82127
0.084436
0.88087
-2.0649
-0.31296
2.297
-1.1835
-2.5161
-2.145
2.1591
-0.011083
-2.0615
-2.7037
0.61411
0.37866
2.3235
-0.82141
0.0077292
-0.29901
-0.01984
-0.37611
1.1522
-0.88687
1.4395
0.653
0.73782
-2.0677
0.4809
0.28556
1.0781
0.71597
0.43958
-0.13624
0.2098
1.5983
0.54106
0.73267
0.76502
0.85883
0.36958
1.1601
0.041995
-0.094396
-1.8409
0.27967
1.8923
-0.10725
-0.56613
-0.88742
-0.33575
0.52308
0.39204
0.23576
0.43153
-1.1935
0.080025
-0.61151
0.19561
-0.20878
1.2255
-1.6251
1.4553
0.60663
-0.33433
-1.4799
1.7286
0.83447
-0.23473
-0.43104
0.1309
0.11349
-0.16786
0.39407
0.84567
0.79451
0.30688
1.1399
-0.52301
0.16218
0.77193
-0.90741
1.3897
1.0816
-1.5138
-0.25162
1.979
0.31671
-0.32688
-1.4112
-0.84328
1.6445
0.093566
0.66171
0.86686
-1.0843
1.2385
-0.11438
1.0308
1.4623
0.97658
-0.8037
0.27759
-0.76061
1.203
1.0978
1.0113
-1.5748
0.76883
0.6697
-0.52748
0.49251
-1.8152
1.2752
1.0106
0.033558
0.93993
0.6445
0.84406
-0.70472
-2.1613
-0.50163
0.44177
0.26406
1.3767
-0.31706
0.65522
0.37749
0.42972
-0.50689
-2.0267
-0.58811
0.98605
1.1247
-0.042192
-0.57279
-1.9372
1.607
1.9466
0.37003
0.86773
0.59544
-1.4326
-2.4505
0.88117
-0.37999
0.39775
0.6225
1.0611
-0.6259
0.66384
0.52043
0.044546
1.688
0.2033
-0.33215
0.45524
0.18417
-1.8511
-0.1892
1.0916
-0.061471
1.3279
-0.36665
0.50227
0.063157
0.65591
-1.2381
1.3572
1.5897
0.62877
-2.0871
0.45457
-2.3897
0.1504
0.23347
0.87378
-0.97564
0.20418
-0.54259
-0.32175
-0.22756
0.15616
1.1692
0.93346
0.8228
0.94369
-0.74748
1.0926
0.93209
-0.079896
-0.14534
0.139
0.446
0.57051
0.9555
0.87455
-0.42038
0.91898
-0.92883
0.26247
-0.37295
-0.41597
-0.43943
-0.3238
1.0088
0.077267
0.046068
-0.072962
-0.39382
1.1308
0.93574
-1.5286
0.73547
0.24361
-0.61482
0.59065
0.11543
0.31476
-1.5239
1.7559
-0.31095
-0.14652
-0.66056
-0.42504
-0.069506
1.3982
1.1773
0.35595
0.26585
-0.23814
-1.9615
0.2556
-0.2483
0.74194
0.6206
-0.16401
-2.1455
1.4642
0.61431
0.24367
-0.17341
1.4761
1.0081
0.18833
-0.71023
-1.9734
-1.7221
1.5597
-1.078
0.23495
1.0044
-0.57843
0.87282
0.060742
0.63197
0.14012
-0.53286
0.15661
0.35749
-0.019612
-0.64821
0.94575
-1.5252
0.6249
0.039912
-1.8592
-1.9043
1.6151
0.24893
0.6912
-0.53838
-0.13655
-0.20705
-0.27626
0.60344
0.066257
0.56216
-0.3258
0.042394
0.49015
1.2044
0.56744
-0.76447
0.94662
0.4777
-1.686
-1.0144
1.3648
-0.22759
0.73699
-0.38508
-0.45405
-1.0401
-0.47367
0.92702
-0.39545
1.4332
1.2867
1.5162
1.0037
-0.31782
-0.035593
-0.36222
0.56909
-2.5094
1.0644
0.48778
0.72778
0.67146
0.0584
-0.84357
0.19088
-0.86948
0.21773
-1.5871
-0.08283
0.90004
-0.021583
-2.2908
-0.27611
1.7253
1.7281
-2.0153
-0.65003
0.057959
-0.79887
0.80919
0.47851
-0.87856
0.1878
-0.14285
0.34483
-0.35775
0.26724
0.27435
0.12402
1.0066
1.285
-0.10033
1.2436
1.1688
-2.7028
-0.73163
1.4492
1.1053
0.70375
-0.08825
0.18499
-0.39148
-2.6247
1.2396
0.79669
-1.3386
0.89085
0.64474
0.0026905
0.59601
1.4592
0.19451
-0.47178
0.10057
-0.17627
0.731
-2.7265
-0.98057
-2.3977
-0.97055
0.1995
1.3369
-2.0954
0.82283
-0.43896
-0.70312
0.53962
1.6389
0.93289
0.92117
-0.10069
-0.23427
0.45182
0.12136
0.66035
-2.2711
0.29742
0.48782
0.74796
0.77765
0.295
-0.42761
1.1649
1.7569
0.30998
-0.88067
0.24956
-0.022029
0.14204
0.22331
-0.48613
1.0788
0.31196
0.32756
0.28776
0.026594
0.54835
-1.084
0.77423
-1.0524
0.56794
-1.4954
-2.4319
0.57018
-2.6137
0.72757
1.5253
-0.96987
-2.5595
0.47003
1.3258
-0.31611
0.40929
0.74463
0.0083918
-0.16952
0.62766
-0.34104
0.44542
0.61283
1.4849
0.88811
-0.077741
-0.43124
0.006098
0.65219
0.86138
0.17569
0.16507
-1.4283
-1.628
-1.9406
0.29302
0.019572
0.77184
-0.091064
-0.11476
0.32626
0.28746
0.0086749
1.5452
0.35268
-0.10319
0.20144
0.78548
0.93128
0.52876
-0.59761
0.9589
1.5004
0.19455
0.69668
-2.1883
-0.53746
0.78623
1.1818
0.44932
-0.47238
-0.46368
-0.41854
-0.15499
-2.3183
0.50651
-0.51346
1.366
1.2258
0.0037903
-0.1936
0.60273
0.93832
-2.665
1.1331
2.2067
-0.43516
-0.0025547
0.39023
-0.54051
-0.84666
-1.6266
1.6543
-0.65118
0.93728
-0.54248
0.50359
-1.5061
0.32246
0.91386
0.7091
-0.1897
-0.040519
-2.9788
-0.41552
2.0635
1.1782
0.63527
0.33742
0.071539
0.39147
0.4028
0.45113
0.58092
-2.5866
0.80656
0.1188
-0.46757
-0.49743
-0.19422
0.44404
0.77521
-1.1714
-1.759
0.51711
2.1033
0.55162
0.54126
-0.12145
-0.59952
-0.19771
-0.31794
-1.1396
-1.6443
-0.36596
0.54148
0.63081
0.9723
-0.28354
0.91812
0.57712
1.4841
-0.077976
-2.6363
-0.42418
1.1962
-0.066861
1.1102
0.69409
0.60139
-0.22003
1.1275
0.98275
-2.1981
-0.042955
2.2361
1.4631
-0.13676
-0.33074
-0.41024
0.14064
1.7179
-1.0231
0.57217
-0.35639
1.1487
1.2072
0.19588
0.018792
-0.86514
0.22498
-0.068049
-2.7496
-2.4957
0.98384
-0.75539
-1.6454
1.6473
-0.48274
0.798
0.042449
-0.39832
1.1005
1.4539
0.63544
1.2485
-0.73246
-0.13093
1.3479
1.2785
1.0841
1.6403
-0.27671
0.81701
0.46487
0.89315
-0.66598
1.1111
-0.95487
0.54358
1.0847
-0.1195
-1.6965
-0.18032
0.8949
0.53541
0.27145
-1.1757
0.53972
-2.0063
0.30923
0.21096
0.30247
0.20147
0.023997
-1.9138
0.24041
-0.41988
0.47802
0.66644
-0.05223
0.54755
-0.6618
1.7487
0.11697
-1.2522
-1.6432
-0.3901
-0.13943
-0.45505
0.0039952
0.87295
0.17821
0.37704
0.7355
2.2445
0.35344
0.61146
0.94378
-0.70165
0.72036
-2.4861
-0.21709
-1.1693
1.0335
-2.3705
-0.60491
0.88826
0.30744
0.61048
-0.85407
-0.41726
0.85557
-0.014262
1.5348
-2.6692
0.72388
-0.10042
0.78698
1.3408
-1.8012
1.6022
0.042864
0.72186
1.1264
0.23126
0.073339
0.84532
0.42264
0.28474
0.38882
1.2967
-0.56397
0.12438
-0.042528
0.84237
0.78955
0.25908
-0.74121
0.74211
-0.80375
-0.25481
-1.2724
-0.16576
-0.62415
2.3275
0.66446
0.43044
0.85502
1.1526
1.6321
1.976
0.37235
1.8024
0.82472
0.67629
0.65923
-2.2813
-0.20125
-0.82689
0.27197
0.84274
-1.2692
0.62996
-2.1556
0.1872
-0.17562
0.29788
-0.53648
0.49309
0.18872
-0.46167
-0.42464
1.0231
-0.054298
-0.029229
1.2959
-0.50631
0.4144
0.15993
-0.13663
0.75314
0.57655
0.33179
0.54779
-2.4492
-0.37903
-1.3658
-1.8623
1.5942
-2.5743
0.13219
1.3284
0.56246
0.54059
0.20982
-0.010918
-0.071913
-0.30228
-0.52415
1.3285
-0.2561
-0.6599
0.63986
1.1208
1.0095
-2.8677
-1.2834
0.68891
1.4597
-0.14962
-0.60618
-0.47474
0.67931
1.3038
-0.96455
1.3064
-0.72004
-2.1034
-1.0519
0.10236
-0.30082
0.77648
0.28057
-1.1504
0.84934
0.39894
-1.3346
1.6643
1.5288
0.71199
-0.47171
-2.0576
0.48902
0.1429
-0.94141
0.46145
-0.35011
1.3798
-0.71661
0.7294
-0.36942
1.4433
0.072208
0.33807
0.53026
0.57218
0.97014
0.7106
-1.3103
-1.1891
0.1682
-0.35448
-2.8356
-1.2505
0.10156
0.80981
1.5911
-0.79931
-0.017265
1.6078
0.48092
-1.1325
0.032063
-0.086579
1.6473
-1.9428
-0.56264
1.2468
-0.37444
-1.5403
-0.035534
1.9738
-0.55608
1.3028
0.43803
0.33733
-0.99212
-0.98796
-0.12607
0.936
0.21148
-0.18676
1.6062
-0.62454
0.78847
0.62479
-0.0035362
-0.56316
0.31952
-0.067968
0.53013
-0.45795
0.49709
0.88779
-0.19741
-0.7544
-2.5497
0.11742
-0.42813
0.51338
-2.0607
-0.35919
1.6508
1.0958
0.21757
-0.75897
0.48454
1.7604
-0.25458
-0.52525
-0.096567
0.83604
-0.17173
0.78395
-1.0363
-0.46548
-0.90591
-0.071984
-0.61802
-0.46121
0.98459
0.20709
0.66172
-1.1321
0.57504
0.60848
0.83909
0.67927
0.62807
0.31034
1.2479
0.601
1.5392
0.027882
-0.43321
-0.21847
0.23237
0.23196
0.092326
0.44041
0.1141
-1.6516
0.44135
0.47012
-0.8185
-0.046312
0.1903
-1.3289
0.095137
-0.020592
-2.0885
-0.14199
0.31708
-0.50009
-0.21223
0.28875
-0.8077
1.2744
-2.4785
0.59871
1.3738
-1.0108
-2.6125
-1.756
-0.11055
0.87884
-0.14028
0.10893
0.055588
-0.76597
0.15671
-0.19578
0.10292
-0.87844
-2.4173
0.77355
-0.10143
0.0040243
-0.094158
0.11196
0.2923
1.2307
0.9456
-0.56718
-0.24022
-0.082665
-1.1906
-0.90504
-0.046955
0.14469
0.75242
0.70579
-1.1318
-0.70683
-0.52686
-0.28879
-0.43536
-1.2853
0.14707
1.1564
-0.060952
0.53529
0.66296
-2.4866
0.043056
0.12282
1.5926
-0.13365
0.50705
-0.53885
-0.33824
0.87027
1.1778
-0.11245
-0.28679
-1.0638
-0.34107
-0.46372
-0.19213
-0.44104
0.43734
0.72825
-0.03098
0.8657
0.32545
0.21558
0.18182
0.025045
0.16599
-0.59157
-2.0765
1.6053
-1.9289
-0.88367
-1.5452
0.27026
0.61026
0.77969
-2.4512
1.017
1.5574
1.3212
-0.68164
-0.0054233
0.79937
-1.7095
0.28269
0.0046657
0.84879
-0.22789
-0.39041
0.81757
0.37829
0.83205
0.90846
-0.44907
1.1293
-0.99979
-2.0721
-0.097119
1.4462
0.94571
-1.0336
1.1263
0.66336
-0.096085
0.053713
1.4284
0.99917
0.50735
-0.041528
0.96147
-0.039176
-0.45396
0.90284
0.28087
0.8491
0.6307
-1.9768
1.81
1.3196
0.69392
-0.26027
0.22565
1.0554
-0.85943
-0.66178
0.64792
0.93972
0.8491
0.47269
-0.34836
0.30834
0.82535
0.31027
-0.031463
0.33354
0.94306
1.5217
0.19127
0.64213
-1.9773
-1.0388
0.018959
-0.04139
0.74667
0.85428
0.054788
-1.9017
-1.9573
0.73107
0.20698
0.20032
0.665
-0.34322
0.17797
-2.6369
-1.3586
0.72363
-0.72489
1.3008
-0.30366
-0.19402
0.83263
1.0153
-0.91546
0.74716
0.86097
0.75544
-0.4793
0.66896
1.6837
0.4948
0.1762
1.6307
-0.18704
0.26829
0.89487
0.40217
0.92676
-0.86609
-1.0214
1.3723
0.55
0.88449
-1.316
0.89861
1.0761
0.95896
1.5103
0.74074
0.85944
0.51861
1.6026
1.3221
-1.0293
0.78486
-0.5734
0.58045
-0.73415
0.0084426
1.1282
0.09511
0.11792
0.3434
-0.32178
0.46202
1.1921
0.0095748
-0.10079
0.82615
-0.52597
0.7522
0.29701
0.50121
0.17276
1.0594
1.3451
-2.3673
0.090421
0.32943
0.60441
0.48904
-1.2737
0.34419
0.67772
0.17714
0.63088
-2.8913
0.29853
0.6519
-0.36296
-0.67019
0.32663
0.87354
-0.1498
0.42213
0.37971
-1.7288
-0.40118
1.5709
-0.1093
1.3087
-0.52521
-0.05713
-2.5411
1.1567
0.89793
1.093
0.072431
1.4625
0.19202
0.96654
0.68427
0.66841
-0.38915
1.024
0.89792
-0.18622
1.1607
0.83577
0.043452
-0.02097
0.28855
-1.0729
0.17687
0.499
0.74184
-1.2316
0.020035
-2.1136
-1.6039
-0.16672
-2.0006
0.58379
1.3058
0.61201
-1.983
-1.1629
0.54148
-0.024656
0.48713
1.0423
-1.0576
-2.2705
-0.46352
0.86791
1.5495
0.18012
-0.40857
-0.74144
1.3752
1.3355
-0.20629
0.74602
0.87477
0.66032
1.5385
0.585
-1.1307
0.70658
0.48846
-1.4436
-0.50018
0.64464
0.11432
-0.95695
0.17759
1.7529
0.5354
0.0078636
0.094876
-0.37271
-0.25215
0.11049
-1.0091
-1.146
1.4565
-0.58686
0.2267
0.53799
0.062271
-0.39087
1.1462
0.032976
1.2372
-1.827
-0.97007
1.788
-1.5421
-0.14447
-1.4999
-0.51267
-0.37989
0.28054
0.29286
0.7327
-0.87642
-0.29333
1.0108
1.1372
0.34712
-2.1259
0.56288
1.3678
1.2017
0.15538
0.31056
-0.14379
1.3719
-1.2735
-1.3691
-0.20959
-1.2479
1.2215
0.93061
0.70562
-0.67423
0.99634
-0.46838
-0.88681
1.0006
-1.6867
1.1717
1.2633
-0.38142
-2.5305
-0.29289
1.8154
-2.2342
0.096332
0.35081
-0.76833
1.1363
-2.5765
1.2308
0.016505
-0.21084
-0.51861
0.73674
-0.35233
-1.1357
0.21183
0.1176
-0.017475
-0.025912
-0.59807
-2.0642
0.49555
0.65656
1.9119
0.7251
0.9918
-0.81377
1.2494
-0.89311
-0.090002
-0.7562
0.54394
0.99465
-0.39768
0.12646
-1.115
0.68146
-1.258
-1.0056
0.12618
-0.57167
1.4759
0.5672
-1.1037
0.83235
1.5741
0.61038
-0.26429
-0.78197
0.025565
0.36078
0.89538
-0.21861
-0.29519
0.24739
0.58135
0.41023
0.72482
-0.23055
-0.18337
-0.27585
-0.02782
-0.03523
0.087082
0.38634
0.2905
0.74188
0.34579
-0.40727
1.0238
1.1269
0.3921
0.97899
1.6341
0.059916
-0.31681
-0.79739
0.9567
-0.40194
0.85205
-1.2222
0.91406
-0.31841
0.11505
0.24762
0.01988
1.1199
-1.7526
-0.23615
1.2819
0.56762
0.15483
0.98932
0.54425
1.1157
1.7463
-0.39712
1.7384
0.90711
0.55462
0.37484
-0.51711
0.28356
1.7745
0.31748
-0.61132
0.29991
-1.0773
0.95273
1.3393
-1.5829
-0.37622
-0.41079
0.44269
-2.2857
-1.1767
0.22942
-0.37249
-0.13769
-0.56499
0.048028
-1.279
0.11254
-2.0121
-1.8407
0.9404
-1.288
-0.9309
-0.16131
-0.38126
0.5668
0.024208
0.92687
0.030291
1.1997
-0.32164
-0.3732
-0.95695
-0.10534
-0.61387
1.5007
-0.79439
0.20219
-0.6433
0.86406
1.9151
0.24537
0.68548
-1.8582
-0.054935
0.024189
-1.5206
0.32037
0.17008
0.68551
-0.98989
0.17513
-0.69006
-0.62954
-0.61059
-1.9269
-0.15547
1.6227
-0.6413
0.246
-0.88358
0.14832
-0.64281
0.69606
1.347
0.93951
0.11601
1.6879
0.07474
-0.78717
0.52322
-1.8207
-0.41085
0.11397
-1.1767
0.66907
-0.44497
-1.0811
0.12818
-2.1443
1.9295
0.087452
-0.6237
0.29856
1.0121
1.0037
-0.91871
-0.51924
-1.1246
-0.051034
-0.51895
0.079526
-1.3945
0.1359
-0.44527
-0.76677
1.5241
0.67479
0.65011
-1.6155
-0.18636
-1.232
-0.26687
0.75211
1.6912
0.040707
-1.3833
0.72944
-1.5022
-1.1909
-1.0105
0.7005
-1.3875
0.67308
0.72992
-0.16759
2.2595
1.0903
-1.4484
0.16753
-0.94565
0.74507
-0.5061
-1.3144
0.036968
1.618
1.3817
-1.7585
-0.74038
0.53121
0.20676
0.97085
-1.3114
0.9127
-0.010114
-0.74257
-0.44922
-2.1726
-0.090485
0.81175
0.0013675
-0.5028
-0.0029982
1.5955
-0.040214
1.4332
-2.3174
-0.1913
-0.93746
1.8328
-0.93637
1.9293
-0.79971
-0.070614
-0.88556
-2.2091
-0.30647
0.69855
-0.40074
-0.5669
-0.72519
0.040346
2.2418
-1.6704
-0.88265
-0.59015
0.47527
1.663
-0.19791
0.45795
-1.6296
0.24109
-1.3429
-0.26432
0.32428
0.42442
0.90844
0.19412
0.63025
1.1891
1.8418
0.87371
0.27506
-0.010379
-0.31487
-0.44173
0.3573
-2.1593
-0.21125
-0.5849
0.50366
0.61035
-2.0314
1.1261
-0.91699
-0.20316
-0.66041
0.6892
-0.3778
0.43477
-0.15718
-0.69967
0.52174
0.52361
-0.048433
1.6192
-0.252
-1.3673
-1.9013
0.15797
1.8443
1.0805
0.014132
0.48542
0.40095
-0.95734
0.30545
-2.0035
0.21294
0.009721
0.80949
-0.49033
0.95452
-0.32897
0.4181
-1.6184
0.50156
1.0173
-1.0197
0.61778
1.4049
-0.29179
-0.63863
0.44084
0.45124
-1.1289
0.15863
0.21445
0.50161
-0.98351
-0.52713
-0.27313
0.85952
1.1734
0.28388
0.45315
0.79839
-2.0166
-1.4204
0.80434
1.1549
-0.84938
0.23412
1.648
0.42575
1.1283
-0.18233
-0.47651
0.66868
0.50577
0.52402
1.2633
1.0113
0.20976
1.4273
-0.22669
-0.51571
1.1712
0.318
-2.2681
0.8951
0.80305
0.059931
-1.4488
-0.086826
0.6037
0.99894
1.608
0.62761
-1.1251
0.36511
1.4244
0.31688
1.2055
1.0011
-2.2419
-0.01766
0.016024
-1.4848
-2.4142
-0.3121
0.36571
0.78339
0.38014
-1.2456
0.063429
-0.1394
-2.1819
-0.11907
0.40485
-0.13931
0.45364
0.37166
-0.57108
-0.6941
0.19176
-0.072429
-0.062398
-2.3458
-0.95768
-0.17944
0.60703
0.11276
-0.012825
1.1981
0.63589
-0.67943
-0.01176
1.2912
0.68855
0.15448
0.7976
-0.97086
-0.82783
0.70255
0.4664
-1.1586
0.04697
0.44635
0.22493
0.30807
-0.91042
-0.12862
1.5257
-0.15103
-0.77591
0.087522
-0.89402
0.69186
-0.32437
-1.3068
1.5954
0.38711
0.28274
0.76987
0.83407
0.86936
0.24539
0.2182
-0.33271
-0.5262
-0.6884
0.69431
2.1527
0.6915
0.87535
0.026419
0.37904
0.16962
-0.28011
0.80672
0.76868
0.50939
-0.85699
0.60698
0.33701
0.24243
0.065199
0.69577
-0.10198
-0.14483
-0.20824
0.71748
0.069516
0.35003
0.4457
1.1149
-0.091072
0.014018
-2.6904
-0.87534
0.22745
0.14252
-0.22641
1.3355
1.0158
1.3046
0.79336
-0.97431
0.11889
-0.50324
-0.4957
0.55022
0.96393
0.62209
0.9959
-0.45832
0.35725
-0.046815
-0.68756
-0.25106
-1.5845
-0.21733
0.8824
-1.7778
1.3135
-0.509
0.69025
-1.6963
0.43807
-0.20218
-0.19272
-0.0025646
1.6776
-0.21507
0.82645
-2.4845
0.45532
1.6465
1.6328
-0.0021535
-0.18575
1.6144
1.0533
0.11401
0.16232
0.62537
0.80692
1.6006
-0.45111
0.24092
0.16955
-0.05774
-2.3256
-0.18525
0.54797
1.082
-0.19989
-0.50824
0.82005
0.6173
0.24483
0.84222
-0.030714
0.18804
-0.11796
0.76344
0.88197
-1.194
1.0622
1.5324
0.87265
0.65308
-0.28766
-0.034074
0.76109
0.43879
0.21599
0.406
-0.1416
0.20906
0.2006
1.3739
0.11797
1.2735
0.84919
1.3527
-0.80851
-1.4613
0.70348
1.6013
-2.0868
0.61307
0.38587
-0.0078113
0.40675
0.073301
-0.94924
0.84043
0.78112
-0.35347
0.71509
1.4125
0.91413
1.367
0.83589
-1.4171
0.84879
0.036762
-1.0313
0.65454
-0.7341
1.0449
-0.18249
1.2287
-0.64703
1.2182
0.28703
0.71677
1.1056
1.1553
0.28237
0.62591
0.83211
-0.60266
-0.0017744
-0.02085
0.80264
0.81683
1.0906
1.735
-0.52763
1.0839
-0.2307
-0.64407
0.44674
0.97969
-1.4587
-0.12987
-0.25069
-0.72418
-2.2427
0.81819
-0.74793
1.0711
1.0005
0.87604
-0.80079
1.2157
-0.64298
1.2437
-0.58055
-1.5522
-0.052855
0.80468
-2.1927
0.77911
-0.086249
1.0146
-0.61215
1.2241
1.7663
-0.69813
0.45981
0.75208
0.80002
1.4532
0.62034
0.9597
1.126
0.87735
0.41487
1.1174
0.59544
0.86655
0.68187
-0.049676
-0.20727
0.38043
-2.4007
1.0232
-1.072
1.1605
0.014199
0.701
0.68386
0.76518
-0.28094
1.4755
-0.03316
1.611
0.2473
0.86151
-0.64167
0.83115
-0.15924
1.0643
-0.040411
-0.07021
0.6222
0.023933
0.83407
-2.01
0.97102
1.0621
-0.046063
0.51197
0.02032
1.0848
0.79703
1.1647
0.57449
0.79301
0.38439
2.1192
-0.52576
0.43483
0.20249
-0.46163
0.67933
1.639
-2.2118
0.32374
-0.90964
1.9699
0.46276
0.095
-0.42128
0.17912
-0.30076
-1.9223
-0.3194
0.20966
0.82165
0.52039
-0.22633
0.77836
1.4975
1.6751
-0.69934
0.51458
0.010885
0.72269
1.1297
0.9801
-0.27631
1.2245
-0.11299
1.6731
0.83501
0.33435
0.8125
1.2834
0.71033
0.72574
-0.10449
1.4191
1.3372
0.86611
0.8526
0.36756
0.61047
-1.039
-2.1874
0.017959
0.60362
1.7904
0.19556
1.442
-2.4364
-2.1602
-0.85243
1.388
0.99251
0.24122
-0.53215
-0.28204
-0.17243
0.35266
-0.20613
0.604
0.60282
0.49377
1.0277
-1.4051
-1.0468
0.91401
1.5778
-1.037
-2.115
-0.24022
0.36098
0.51223
-0.11644
0.73493
-0.92084
0.66844
0.24822
1.1164
1.6956
1.2683
1.3856
-1.3838
-2.1704
1.3166
1.3911
-0.94681
0.16242
-0.12454
-0.84394
0.28146
1.4993
0.62085
0.93453
0.49815
1.0497
0.47
-0.76379
1.4351
-1.0005
1.4554
0.84998
-2.3951
1.7153
1.2285
1.4048
-0.25472
-1.1857
0.65155
-0.87854
0.88056
1.0328
-0.26938
1.6098
-0.1814
-0.78875
-2.0546
0.57499
0.65849
0.83844
0.75817
0.32116
0.30572
0.091543
0.72463
-0.4275
0.25357
0.32666
0.94592
1.2797
1.1225
0.69464
0.24794
-0.26642
0.023424
0.9288
0.75617
0.7812
0.90613
0.17689
0.16363
1.7605
1.3304
-0.40893
-0.088369
-0.32415
1.0535
0.68298
0.80024
0.25617
0.28039
1.7653
-0.28974
0.2511
1.1954
0.27799
1.2591
0.97386
1.0739
0.80571
1.5389
0.83693
0.99792
-1.3584
0.59667
-2.0011
0.95788
1.6223
0.77057
-1.4609
1.1079
0.74916
0.9353
0.27338
1.1552
0.29976
0.64004
0.72967
0.3298
-0.76259
0.5336
-0.18602
1.0902
1.9539
1.0883
0.13594
1.0499
-2.8189
0.37059
-2.2475
1.4165
0.87131
0.89628
0.28663
0.17722
0.65565
0.73576
-2.273
0.55407
0.052257
0.57694
0.15865
-2.1544
-0.070312
-0.69002
1.119
0.93196
-2.1456
0.46249
-0.82565
0.37014
0.76108
0.11824
0.94952
-1.8901
-0.034344
-1.0565
-0.92538
0.97333
1.4958
0.5099
-0.53812
1.2942
0.23316
1.4934
-0.16197
0.62849
0.1315
1.1361
0.59667
-0.29655
-0.87902
-0.60614
1.104
1.3477
-2.5245
0.48906
0.35026
-2.4542
-0.59503
1.896
-1.9882
-0.68511
0.28701
-0.15213
-0.60106
-1.6554
0.90587
-0.13709
-0.19433
-0.66719
0.56548
-0.98039
-0.86639
0.14375
0.26974
0.2912
-0.25036
-2.0717
1.7772
1.3234
0.11048
-1.0389
-1.287
0.03175
1.0247
1.1398
-0.64859
0.050318
-0.33848
-0.75563
1.9736
-0.79718
0.23218
-0.14469
1.4823
-1.3985
1.2591
2.1272
0.5968
-1.7315
-0.42657
0.10843
-2.1205
-1.5808
-2.9659
0.094045
0.62183
-0.59922
0.23443
-0.020791
-0.41963
-0.27755
-0.58055
1.3347
-1.7556
-1.4815
-0.2515
-0.31901
0.87338
-1.0213
1.4604
-0.6875
1.0885
-0.87354
-1.9317
-0.84641
1.0239
0.13159
0.060822
0.42505
-0.5889
0.15908
0.032851
-0.68775
1.0119
0.64898
1.6063
-0.34568
-0.89492
-1.1391
-0.1951
0.79062
0.012616
-0.15828
0.20239
-1.1617
-0.16589
0.4252
0.33049
0.011875
0.43354
-0.97666
-0.51629
-2.3395
0.97481
0.79699
0.45372
0.15139
0.31697
-1.2918
0.14304
0.14186
0.2685
-0.86516
0.38206
-1.0592
0.71755
1.4427
-0.22222
-1.6526
0.95437
-0.99526
0.72476
0.017394
-1.0544
-0.23281
0.072199
-0.049149
-0.37154
-0.3499
0.059084
-0.54271
0.0686
-0.98351
1.6343
-1.1952
-2.0105
-0.4475
0.82731
0.43574
-2.5986
-0.18915
-0.94097
-1.4999
-2.2561
1.7306
-1.0283
0.054018
-0.54581
0.087887
-0.073477
-1.9846
1.326
-0.19953
0.83505
0.14662
1.3536
-1.6551
-0.47568
-0.39141
0.40671
-1.0474
-0.95755
-0.78539
0.57303
1.289
-1.3263
1.4186
-0.16028
0.069461
0.98918
1.4253
0.17941
-1.0966
0.48231
1.5595
-1.7818
0.07714
0.19117
-0.02815
-1.3447
-1.8374
-0.40496
-0.60448
-1.6032
-1.7553
-0.3986
0.8064
-0.092636
-1.1476
0.51358
-0.65911
1.33
-1.1264
-0.83621
-1.5968
0.050179
1.5035
-0.52885
-0.39045
1.2969
-0.052012
-1.0524
-0.88652
-0.96408
1.5673
0.12343
-0.48915
0.38684
-0.58791
-0.88513
-0.15292
0.68762
1.3079
-1.4224
0.41217
-0.018209
0.28865
-2.9038
-2.0839
-1.2162
-1.2116
0.0063274
0.11142
-0.010651
-0.55924
-0.71043
0.22506
-0.3462
1.1461
0.40444
-0.78313
-0.32305
-1.2148
0.33577
0.068163
-1.1813
-1.0065
-0.3335
1.5381
0.92225
-1.0546
1.0844
-0.34509
1.0131
0.40388
-0.25416
0.30492
-1.4361
0.44944
0.4197
-2.638
0.59071
1.734
-0.10897
0.38803
-1.9543
-0.82916
0.80654
-0.12168
-0.51017
-1.2735
0.45192
-0.93968
0.84955
-0.11804
0.0013176
1.4335
0.42158
1.1901
0.42035
-2.721
1.1855
1.6671
-0.67654
0.32307
0.69353
-0.31515
-0.87584
0.20954
0.36982
-0.9789
0.91311
-0.65902
-0.52802
0.60503
0.74306
1.1136
0.64009
1.0289
-0.50348
-1.5626
1.3872
1.3863
0.65076
0.20412
0.10535
-0.34565
-0.168
-0.6669
1.6913
-0.46542
-1.057
0.0077392
-0.86511
1.2624
0.8399
1.3293
0.3989
0.67944
0.71516
0.16918
-0.47772
0.8815
-0.86407
-0.14148
-0.31081
-0.3305
-1.6959
-0.23906
1.3502
-0.15076
0.57985
-2.4906
-1.7493
0.98746
-1.1282
1.3233
0.34
0.38927
-1.4291
1.7968
0.041941
1.2135
0.3071
-0.20194
-0.733
1.0377
-2.5996
1.3348
1.0825
0.91913
1.1813
1.2973
0.57015
-0.32431
-0.16408
-0.12777
-1.5851
-0.83714
-0.44003
1.1675
1.1468
0.48569
1.088
0.88032
0.50238
0.67773
0.47179
-0.08326
0.026721
0.48222
0.11801
-0.44888
-0.79187
-0.34163
0.50522
0.878
1.1416
0.62313
0.26815
-2.3466
-0.65759
1.0113
-0.58843
1.2658
1.3351
0.015054
-0.66437
-2.3598
-0.79534
-0.92222
1.2669
-0.36777
1.1032
-1.9233
0.40194
0.61747
0.092047
-1.4316
0.87737
0.24096
-0.85596
-0.12625
1.3348
-1.4835
0.89378
1.7575
1.9761
0.18249
0.14502
0.48315
-0.13292
0.22103
1.4965
1.6277
-1.372
0.016401
1.2413
0.34682
0.045213
-0.72842
0.29135
1.4195
-0.61197
0.34395
0.47462
0.29628
0.81131
1.0383
-0.1315
0.83432
-0.34742
0.32646
1.312
0.91473
0.19965
-0.7038
-0.2395
0.92181
-0.83888
0.91042
-0.045565
1.0904
-1.2141
-0.68721
0.37768
-0.026176
1.2804
-0.32306
-1.0422
-0.84111
1.2154
-0.27633
-2.6212
1.385
-1.0461
0.20799
0.61568
-0.47452
-1.8819
-1.736
0.92322
-0.37131
1.0622
1.1268
0.66532
-0.75242
0.90744
-0.88488
0.35857
0.37869
-0.4046
1.0439
0.046574
-2.5803
1.5029
0.7863
-0.16305
-1.3945
1.1064
1.6048
-0.5772
-0.12641
-0.81045
-0.030814
0.31877
-0.49208
1.172
0.032041
-1.3819
-0.43911
-0.2124
-1.293
0.61284
0.20463
-2.6117
0.98663
-0.75227
-0.84069
-0.78368
1.2171
-0.31617
-0.80305
-0.21078
0.19937
0.16168
-0.25433
-0.78127
0.069789
-0.96665
0.093097
0.036202
-1.4773
-0.74695
1.318
0.68177
-0.10418
-0.27154
-2.5015
1.1807
1.4413
1.5116
-1.0375
0.1402
-0.03552
0.61762
-0.44618
-1.2979
0.54442
-0.14077
-0.68254
0.6463
-1.4843
-2.6627
0.57975
0.023877
0.7899
0.78761
0.12373
-0.41385
1.569
0.83475
0.50192
1.1247
-0.61132
1.1627
0.39636
0.361
-0.91069
-0.87444
0.21091
0.48278
-0.22683
-1.2781
0.33635
-0.40439
1.4069
-1.6913
-0.73036
-1.6979
1.4447
0.77739
0.47218
0.43836
-0.47175
-1.4288
-1.5463
0.97995
1.3109
0.46517
0.049312
1.3191
0.19395
0.93364
-2.4168
-0.032899
-0.90572
-0.71759
-0.33175
1.295
1.7431
0.14161
1.0696
-1.1202
-1.0659
-0.80084
-0.58508
-0.086371
1.7006
0.31683
1.0744
1.7791
0.27075
0.6179
1.246
0.56746
-0.49719
0.48122
0.84415
0.3868
1.698
-0.33404
0.25655
0.96455
0.11645
0.69274
-0.11677
-0.56105
0.091745
0.19677
-2.3248
1.839
0.22508
1.4574
1.3498
-0.11068
0.55128
1.6507
0.41561
-0.8
0.59911
-0.30011
-0.11504
-0.62194
-0.83754
-1.0306
-0.35207
-0.18155
0.051285
1.1597
0.091451
0.32315
-2.2244
0.47965
0.51964
-0.38263
0.47457
1.1505
0.07193
-1.0212
0.51944
1.3445
0.43659
1.286
1.7689
0.21074
0.033161
-0.078706
-0.1994
-0.014261
0.2796
0.68133
-1.42
1.0605
-2.7371
1.0585
0.93534
0.20793
0.87706
0.83049
1.0072
-0.53243
-0.53849
0.99325
1.0415
-0.57497
0.65653
-1.9998
0.07666
-2.3655
-0.49901
-1.7112
0.29454
0.45639
-0.12593
0.95109
1.472
-1.212
-1.1172
-0.78828
0.24884
0.65982
-0.54159
-0.79689
0.067446
-0.32927
-0.1889
-0.16965
1.409
0.0048302
-0.67923
0.044017
0.14392
0.069873
-1.6767
0.010184
-2.5921
0.11236
0.51706
1.3037
-0.14874
0.022061
0.24671
0.21389
-0.098618
-0.3244
0.050616
-1.1106
1.0205
1.3909
0.18706
-1.023
0.38413
1.1398
-0.30313
0.020708
-0.86186
1.1176
1.6862
0.4022
0.45696
-2.6295
0.75922
-0.35049
0.29303
0.12554
0.86793
0.10354
0.65182
0.3978
-1.0153
0.73011
-0.13532
0.47287
-0.78206
-1.744
0.42209
1.5956
0.85583
-2.6806
-1.0653
0.57794
1.4557
-0.63213
-0.090023
1.3815
0.16343
0.64251
-0.78168
-0.03817
0.37443
1.3521
-0.67672
-0.16935
-0.66202
0.17468
0.68416
0.29577
0.1337
0.035171
0.74839
-2.7752
1.3838
-0.43221
0.17838
0.12166
-0.9137
-1.6105
0.44308
-0.5434
1.3192
0.41446
-1.2231
0.74426
0.063215
0.31124
-0.51139
-0.0071722
0.59931
0.72979
0.47565
-0.12454
-0.26745
1.3391
1.101
-0.61624
0.70432
0.13526
-0.97167
0.3644
0.7234
0.01562
0.54585
-0.88627
-1.2681
-2.1007
1.0675
0.083968
-1.6759
0.32434
-1.0641
-0.16532
1.4119
0.51752
0.64761
-0.65091
-0.17344
-1.9509
0.70555
0.85963
0.22691
-0.4829
-0.54986
-0.79572
0.41913
-0.741
0.30408
0.41377
-0.29136
-0.026277
0.57684
0.64936
0.39709
0.91446
0.70541
-1.7011
0.90484
-0.85492
0.11751
1.1056
0.23036
-0.21686
0.92295
-0.29739
0.79523
0.95832
-0.39905
0.40509
1.2185
0.47417
-1.7126
1.0134
0.52614
1.4123
0.18203
0.26181
0.010499
0.49064
0.58311
0.13965
0.53463
0.59203
-0.0057005
0.95864
-0.65114
-0.081629
1.3036
-1.0596
1.369
1.2017
-0.64338
-1.2267
0.56371
1.5812
0.46871
1.0091
-1.5224
-0.42182
-0.32275
-0.60312
0.57351
0.91567
0.29126
0.13173
-0.28991
0.76222
0.77531
-0.51771
0.017878
0.1007
0.64081
-0.71552
-0.51915
1.0065
-0.62374
0.17149
1.2176
-0.20093
-0.13051
1.3267
-0.47442
0.9505
1.2418
0.17285
0.05518
-2.4986
1.6333
1.1827
1.1222
0.73646
1.0952
-0.012117
0.50859
0.83792
-1.6818
0.054662
-1.5506
-1.0056
0.18219
0.070581
-0.97368
0.99663
0.50887
-1.7118
-1.021
0.35846
-2.5832
-0.74254
1.2023
0.18483
0.59749
2.0778
-0.30985
-0.14143
-0.71964
-0.53041
-0.81
1.2401
-1.3738
-0.40168
0.71861
0.22524
-0.45332
0.67166
-0.053531
0.77653
-2.052
1.6051
2.0403
-0.97574
0.016276
0.39199
-0.41462
1.4912
0.41262
-0.38052
-1.8894
-1.3915
-1.7704
0.59
-0.33647
-1.5481
1.2337
0.45966
0.81512
0.68441
-2.5906
0.041889
1.8833
-0.22958
0.39977
0.78234
-0.6479
0.18467
0.32553
0.20744
-0.45537
1.1956
-0.9097
0.6364
0.086673
0.44418
1.0607
0.048564
1.3521
1.0765
0.99138
-0.1873
-2.7955
-0.050897
-1.6413
0.20205
-1.2953
-2.2075
-0.65165
0.8095
-1.6515
0.42769
0.9759
-0.18521
-3.0952
0.048674
0.51776
-0.57029
-0.047038
0.29449
-0.67489
-0.29417
0.22007
1.0939
0.58275
0.40621
0.63138
0.037352
1.5816
1.4397
0.99408
-1.765
1.7599
0.48457
1.3308
0.24082
1.7364
-0.34411
-2.4571
-0.03336
-2.6478
0.99488
0.81408
-0.38831
1.6888
-0.33144
-0.28469
-0.29389
-1.2946
-0.88001
1.2189
-0.44635
1.5673
1.4005
-0.3983
0.67287
-0.18479
0.42782
-0.38126
-0.43908
1.6168
-0.92849
-1.1708
-1.9199
0.5078
-0.52466
0.56941
-0.72308
-0.62854
0.26965
-0.5139
-0.54743
-3.0848
1.4405
-0.75992
-0.30629
-1.5099
0.99545
-0.6452
1.1488
-1.1259
-1.3431
-2.6305
-1.969
1.0662
0.56312
-0.67957
0.46563
-1.3888
0.27726
-0.53462
-0.72634
-1.2261
-0.24644
0.59646
1.0947
0.90716
-0.20146
2.0453
-1.3893
-0.89376
-0.39178
0.71463
-0.11009
-2.908
0.03807
-0.73257
0.44541
-0.64411
0.88896
-1.0296
1.3856
0.61211
1.2756
1.6909
-0.56652
-0.65239
-1.5904
1.6227
1.2281
-1.2079
-0.20398
0.11838
0.37178
0.55505
0.85036
0.88223
1.5729
-2.8516
1.0929
-2.8533
-1.3774
1.5421
0.22268
0.38267
-0.64049
0.80423
-1.2479
0.44993
-0.12972
-1.6445
-0.47659
1.3083
-0.69278
0.74829
-0.8116
0.98948
0.9079
-1.2089
0.58732
0.44393
1.1104
1.1198
-1.1496
0.82533
0.46253
-0.63687
-1.7851
-1.5235
-0.51414
2.1389
-2.2474
0.16337
-1.1222
0.018786
1.0872
0.59848
-0.53461
0.2817
-0.92625
0.44319
0.54704
0.072781
-0.12335
-1.8865
0.85496
0.13161
0.84001
-0.75923
0.15088
0.7145
0.9126
-0.69494
1.7356
-0.82927
0.72697
0.55554
0.3679
-1.9766
1.0441
1.2783
0.58329
-0.10663
-1.0153
-0.15
0.24252
-0.24001
-0.31948
-1.3766
-0.55463
-1.4804
-0.55711
-1.2822
0.19122
-1.7396
-0.55576
1.3602
0.54227
-0.1211
0.79484
-0.39588
-0.15048
-0.4487
-1.395
-1.2545
0.17114
-0.51744
0.64539
-1.3585
-1.8044
-0.2325
-0.075439
-0.066952
-2.3921
-1.7111
0.98887
1.3054
-0.035579
0.27734
0.53325
-0.48962
-1.2467
-1.0937
-1.5743
-1.2708
-1.0661
-1.0562
0.6129
1.2652
1.2533
-1.6308
1.3333
-1.1266
0.6703
-0.49921
-0.99421
-0.088357
1.4179
-1.7547
0.47603
1.2221
-1.062
0.20511
-0.27918
-0.74467
0.94751
-1.0759
1.313e-05
-0.38974
0.35923
-1.1496
-0.10142
-0.64582
-0.75452
-0.087102
1.0256
-0.52808
0.39564
-1.5155
-0.51044
-0.3165
-0.26335
-0.97098
0.2936
-2.023
-0.71613
-0.32339
-0.010562
0.25366
-0.11402
0.2889
0.2578
1.4905
0.2076
-0.10722
2.057
-0.21036
1.2965
1.1979
-0.90148
1.0908
1.2883
-0.85755
1.3
0.29024
-1.3142
0.98704
0.51465
0.2746
-0.6722
0.71416
0.57789
-0.91145
0.46689
-1.1887
0.42325
-1.2309
0.70476
-1.1633
-0.56743
-0.63738
-0.3371
-0.57733
-1.2168
-0.85454
0.5095
-1.1269
0.7979
0.1685
-0.040375
-0.76727
0.70247
-0.51185
1.0927
-1.962
0.084518
0.23508
-2.6852
-0.36806
-2.9454
-2.1181
0.46535
-0.66422
1.0235
0.029597
0.458
1.0298
-0.32867
-1.9596
0.72009
1.4616
0.15969
-0.9516
0.34778
-0.27429
-2.3675
-0.56819
1.3368
-0.82071
0.19786
-1.8164
0.47165
-1.1869
0.11551
-1.3215
0.63176
-0.55533
-0.48279
0.3469
1.8571
-0.67803
-0.518
0.10126
-0.17666
-1.98
-0.47181
-0.39699
-2.8505
-1.424
0.60141
-0.66607
-0.47877
-0.51139
0.13738
-0.56448
0.5129
-1.008
0.48547
1.385
0.47071
-0.7416
-2.5594
-0.85472
1.1393
-0.71646
0.085917
-1.8598
0.24136
1.8198
0.30016
0.46383
0.18596
-0.21007
-0.21063
-1.3609
0.84117
0.59517
-1.6652
-0.42592
1.6321
0.62466
-2.7134
-0.32408
-0.2434
-0.8179
-0.14039
-2.3434
0.79548
1.6294
-0.70708
0.36328
0.72675
-0.28226
-0.31804
0.69009
0.89675
0.94896
0.6482
0.40843
1.4558
0.71399
0.84168
0.48022
-1.3751
0.35031
1.2519
-2.0708
-0.45001
1.7013
-0.26005
-0.91053
-0.094989
-0.035741
0.12659
-0.024712
1.4338
0.83867
-1.2368
0.14461
0.27552
0.043782
0.33903
0.13543
-0.17949
0.082479
0.86155
1.1638
1.3054
0.8495
-0.23104
0.61726
0.69613
0.52505
1.5313
1.3994
0.88952
-1.6813
1.0184
0.36604
-0.60266
-2.3618
0.68318
0.23736
0.81171
0.49489
-0.38929
0.57598
0.59737
1.4553
-1.568
0.67915
0.11335
-0.57624
0.86678
0.50884
-0.52912
0.38924
-0.071989
-0.12413
1.3048
0.1157
1.6437
-2.828
-0.18042
-0.071979
-2.3917
0.14153
1.1935
-0.82534
0.89434
-2.4368
0.17432
-0.47044
-1.0109
-2.4763
0.77677
0.35313
1.6126
1.5654
0.054882
0.81216
0.17263
0.81146
-0.32532
-0.068359
1.2318
0.15039
0.62023
0.50807
0.29064
0.64826
0.58879
1.0492
0.81845
0.045043
-1.1108
-0.33979
0.14908
-0.1865
0.46263
-1.3495
-0.65986
0.44033
-1.7794
-0.86616
1.0469
1.6907
-1.1939
-2.4465
1.2067
-0.62211
-0.60162
1.0949
0.99905
0.55749
-0.33646
0.58709
-1.1703
-0.15693
-1.2846
0.30529
-0.42189
0.077057
-0.90683
0.45158
-0.50533
-0.90288
-1.7632
1.7713
-3.0697
1.7208
0.43051
0.01138
0.15846
0.7568
-0.21615
0.67257
0.54606
-1.8199
-0.81297
-0.77592
0.28846
0.5466
0.53021
0.01674
1.3174
-0.97437
-0.28969
-0.94153
0.44218
-0.36885
-2.0355
0.27716
0.77606
0.19965
0.28216
-0.16734
0.36232
-0.87832
0.21522
0.72109
-1.5375
1.4821
-2.3885
0.79914
0.9686
-0.38187
0.53171
-0.072192
1.7045
-2.2144
0.9881
-0.72002
0.48814
0.32349
-3.0419
0.22729
0.3891
1.2133
0.95856
-0.27154
-1.7421
-0.065271
1.2193
-1.7152
0.073944
-2.1924
0.83079
-1.8055
-0.030623
-0.45625
-0.13834
-0.70674
-0.89923
-0.71228
0.3555
-0.15423
0.9059
0.2096
-1.2606
-0.56954
-0.047719
-2.1842
1.0542
1.5866
1.1105
-1.0884
-0.6097
-1.3722
-1.6357
0.89237
1.0013
0.44252
0.10218
-0.82924
0.27539
0.44828
-0.70528
0.096256
-0.39565
0.86691
-0.32712
-1.7222
1.4047
1.2627
-1.179
-0.037163
0.2269
-0.20376
0.72294
0.7088
1.3077
0.69436
0.27151
-0.89359
-0.21813
0.1942
-0.0092197
0.54134
0.29779
0.79992
0.16281
-2.1413
0.06426
1.4756
0.22677
-0.79086
-0.71388
-0.63079
-1.3259
0.78073
-0.97176
0.68398
-1.3215
0.91267
1.1687
1.1332
-1.8002
-1.7197
1.5566
0.56318
1.3978
-0.040043
0.11937
0.74385
-0.11528
0.13254
0.60896
-0.35467
1.0927
0.15495
1.5985
1.0428
-0.12858
0.58818
0.46935
1.5092
-0.58696
-0.2004
0.90697
1.564
-0.17344
-0.86643
-2.3298
0.77696
0.10546
-0.51258
0.67284
1.6419
0.51708
1.6326
0.38793
1.6721
0.36667
1.8346
-1.0341
-0.30008
1.0835
1.0554
-2.2961
1.5992
-2.5597
-0.36244
0.35243
-1.1369
-0.61272
0.075047
0.71036
0.19388
0.70538
0.55654
0.87255
1.0132
-0.47135
-1.1303
-0.54344
0.4629
2.0952
0.70543
-0.44278
1.0869
-2.1253
-1.3389
-2.099
0.62412
0.85895
1.4908
-0.43162
-1.1301
1.2441
-1.637
1.0552
-0.58235
-0.38716
-0.5634
0.16516
0.83614
-0.5622
-0.47066
0.71745
-1.8798
-2.2477
0.83293
-0.63462
-0.4446
1.5549
1.0608
0.62407
0.75354
1.339
0.73009
0.94254
-0.33732
-0.65308
1.2166
0.3771
1.3208
-0.92039
0.41919
1.0823
1.0629
0.78528
0.20253
-0.16502
0.57537
0.21286
-0.77157
-0.45774
0.53356
-0.13042
-0.28105
-0.6112
-2.6375
0.28898
-2.6966
-0.53477
-3.2644
0.23972
-0.37158
0.76111
0.021579
1.1468
-1.3871
0.9169
-0.94888
-1.9207
1.113
-0.098533
0.32291
-0.54054
0.36271
0.4916
-0.32718
0.55278
1.06
-2.2115
1.2241
-2.0834
0.66802
-2.0339
-0.73016
1.2733
0.60625
-0.45467
-0.32126
-0.57357
1.3184
0.40036
-2.0612
0.18745
2.2444
0.48458
-0.62364
-0.67638
-0.42253
0.50106
0.77301
-0.2996
-0.11914
-1.1786
-0.59761
-0.22394
0.44828
0.32285
1.0724
0.014271
0.77307
0.70412
-2.0459
-0.75827
2.2204
-0.15279
-0.11519
0.053613
-0.3992
0.78097
1.1375
-0.016788
-0.44792
-0.43421
-0.76394
-0.83514
-1.475
0.21649
1.2709
1.2884
1.0802
-0.31924
-1.4541
0.64014
1.9727
1.0122
-0.78539
-2.8701
-0.44556
0.60852
0.4852
-1.3855
0.19594
1.5423
0.20607
-1.0508
-0.17093
1.0207
-0.15824
-0.79996
1.3
0.32273
0.10862
0.23319
0.4906
-0.29884
0.29944
-0.30594
0.80823
0.84551
0.36421
-0.25326
-0.45365
-0.78227
1.3826
0.76587
1.1346
1.5888
1.8032
-0.70675
1.4138
0.33136
0.25124
0.46484
0.93051
0.69457
-0.47491
0.32175
1.7693
-0.063671
1.0747
-0.13473
2.0243
0.087092
1.4163
0.75172
1.2456
1.3937
-0.020059
0.86779
-0.25284
-0.75093
-0.34906
1.3007
-0.64532
-0.62312
0.50711
0.34187
1.2267
0.33833
-2.2007
-1.1668
1.3036
-0.8156
0.61904
0.35225
-0.49077
-1.5448
-2.8108
-1.4105
0.16878
1.3297
0.27168
0.25374
-2.5489
1.4462
2.0655
-0.73083
1.4288
-0.13302
-0.51001
0.0090512
1.8494
1.2755
1.0163
0.83685
-1.3921
-2.209
0.20869
-0.18146
0.21824
-0.18754
-0.045264
1.7826
1.2316
-0.8818
0.35276
-1.0606
0.6433
1.1293
0.22184
-1.2607
0.4487
1.0053
-1.6416
-0.64413
1.7241
0.46476
-0.319
0.20535
-1.0172
-2.4258
0.3725
-2.0719
0.27991
0.94385
-0.14731
0.46578
0.0062946
1.1277
0.75643
-0.0040665
0.91318
-0.8463
-2.2342
0.18777
1.9728
-0.38993
0.18616
1.3253
-0.74903
-1.0598
0.089006
0.4936
0.53268
-0.39582
0.51681
0.62437
1.0118
0.29153
-1.2572
-0.38097
1.6367
0.64938
0.46101
0.074422
-0.37326
-0.41234
0.43952
-0.14038
1.0106
1.0156
-0.85342
-1.6246
0.67446
-0.2432
0.82634
1.826
0.84679
-2.4258
-0.62055
0.91649
-2.03
1.4359
-0.78391
-1.0489
-0.3872
0.28644
0.50002
1.0963
1.8417
-0.80129
-0.92382
1.0575
0.22206
-0.87338
0.2112
0.46447
0.49875
-1.2832
0.48255
0.7668
-1.6983
0.34684
-2.2405
0.1305
-0.9014
0.93795
1.03
0.55009
-0.1604
0.14441
-0.72477
0.074499
1.1461
-0.083078
1.3603
0.35749
0.58544
0.28293
1.7731
0.71095
0.32596
-1.5982
-0.90983
-1.1968
0.26181
-2.1487
0.73834
1.3025
-0.16276
-0.93981
0.85693
0.39402
-1.9289
1.2223
0.38399
-0.28064
0.081362
-0.11249
-0.80052
-2.3048
0.73413
0.92131
0.68465
1.232
-1.861
1.0384
-0.49982
0.50373
0.33546
-0.67053
-0.20757
-0.68075
1.7837
-0.39336
-0.70218
0.57544
0.17573
0.55325
-1.7534
-0.27598
1.7735
0.94516
0.78635
-1.7358
-0.20715
0.67829
-0.47822
0.96498
0.47522
-1.0244
0.40321
0.25461
1.8971
-0.96362
0.094703
0.028905
0.1748
0.68628
0.36012
-1.7432
-0.31313
1.5465
-1.9183
0.87721
1.7767
-1.1301
-0.052099
0.82513
-0.66365
-0.31491
-0.92496
-2.349
1.4192
1.1926
-0.36041
-0.20951
-0.50858
0.34909
1.4873
0.25717
-0.86249
-0.77293
0.40255
-0.069147
-0.045036
-0.19039
0.0075625
-1.4005
1.7241
-2.5853
-0.31943
-2.2963
0.83492
0.95272
-0.78994
-3.2395
0.61437
1.1484
0.015098
0.98503
-0.32747
0.10832
0.85931
0.68483
-0.44753
1.4889
-0.45932
0.74795
-0.55372
-0.82127
1.9126
1.0781
0.16472
1.0254
-0.23438
-0.15523
0.69642
0.73201
0.14773
0.23014
0.70904
0.63183
1.4882
-1.0942
0.83336
0.26541
-0.7288
-2.1455
1.7072
1.6143
0.07708
-0.13453
0.90766
1.7071
0.91624
-0.12241
0.042435
-1.8711
0.24477
0.063681
0.79822
0.95528
1.5271
0.41967
-1.1034
-1.2421
1.7175
-0.7165
-0.33752
0.14863
-0.083517
1.0225
0.43854
0.9909
0.55653
0.53823
0.12617
0.62435
1.1446
0.053987
0.97944
0.60179
1.0673
0.40592
-1.3348
1.2662
1.0825
0.85453
1.3091
0.73669
0.19277
1.1804
0.98414
-0.528
0.66589
0.66768
1.8187
0.85703
1.2082
-1.5813
0.66346
1.214
1.3842
0.72994
0.58861
-0.24919
1.5441
0.49508
1.4447
-0.62784
0.82778
-0.30357
0.38916
-1.0771
0.5033
0.28502
0.30813
-0.13327
-2.6323
0.0015837
1.0231
-0.82324
0.96812
0.06756
0.36503
-2.4809
0.00335
-0.34245
0.86387
0.27162
0.99963
1.0436
0.23788
0.30372
1.0407
0.89133
1.0944
0.64738
1.5387
-0.63164
-0.13152
1.0652
0.93512
1.1704
0.7613
-0.5585
-0.14538
-1.238
0.23666
-0.67906
1.2604
1.9826
0.24037
-0.26106
-0.036968
0.41162
0.82709
1.2423
0.30711
0.13255
0.29115
-1.4916
0.31856
0.43572
1.1492
1.0044
0.82833
0.80879
0.13064
-0.52459
0.44077
-1.0085
0.82901
-0.73439
0.92948
0.067798
1.3387
1.0726
-0.74799
1.3736
0.79332
1.0976
0.51348
-0.1173
0.15935
-1.743
0.016326
0.45618
0.5767
-0.017364
0.74121
1.1695
0.49051
0.72045
0.040998
0.91904
0.081655
0.65257
-2.0521
1.0701
-0.82241
-2.2224
-0.099297
-1.6147
0.25769
-1.4031
-0.54824
0.63133
0.36547
-0.22265
1.1473
-0.072548
-0.45633
1.6129
-0.34313
1.2224
0.288
-0.37013
1.352
0.55264
1.5077
-0.24978
0.083884
1.23
0.2421
0.23448
-0.15213
-0.25823
0.33184
0.44703
0.17979
0.85154
1.2699
0.026816
0.77675
-0.47752
-0.27806
-0.82956
-0.10808
-0.34178
0.6237
0.63485
0.92319
0.20469
-0.23585
0.46911
-2.0055
1.4606
0.0072633
-1.1869
1.2688
-0.39502
0.22602
1.0236
1.1758
-1.8726
0.44519
0.43746
0.4367
-0.47517
-0.038251
0.089339
0.85196
-1.2033
0.7058
-0.6913
0.81985
1.0412
-1.1826
1.0509
0.29943
0.64144
1.4692
-0.54152
1.5303
0.10945
-0.54833
0.54381
-2.4218
0.67854
2.3043
-0.18959
0.31502
0.6345
-1.2263
-0.62194
-0.55652
1.5032
0.72413
-0.53347
-0.50946
1.0275
0.38153
0.67052
1.1302
-2.3399
0.97785
-0.00036731
-1.8062
-0.95366
2.2021
-1.0644
0.12957
0.93885
-0.94884
0.22672
-0.52024
-0.24164
0.91648
0.093947
-1.4017
2.2643
-0.26039
-0.17916
1.364
-0.5614
0.53518
-0.57331
-2.2543
0.85058
2.2425
-0.35867
-0.79878
0.72729
-0.67965
-2.1706
0.63784
1.066
0.72964
0.73742
-1.5826
0.86696
0.51633
0.58673
0.24464
-0.48327
0.47759
1.4497
2.2351
0.41845
-2.6928
-0.48816
-1.9353
0.64324
-0.11576
-0.091013
-1.3845
0.20098
-0.68949
-0.10464
-0.30429
-1.4624
0.16002
1.0172
0.33096
-0.22187
-0.5108
-0.4737
0.87467
-0.40838
2.2489
-0.48084
-3.054
1.6906
-1.7239
0.55976
-0.30987
-0.54044
0.87364
0.86667
-0.26519
1.0187
-0.18183
0.76262
-1.2004
0.12963
-0.1411
0.5726
-0.22911
1.2752
-0.83667
0.95496
-2.8539
-0.5453
0.21127
0.69421
-1.1159
1.774
-0.76415
1.2245
0.27915
0.34158
2.2026
-2.6621
0.46758
0.49553
-0.59722
0.32384
-0.59405
0.93287
2.1439
-0.95638
-1.5368
-0.3792
0.13092
-1.4701
-1.6144
-0.82321
-0.11803
-1.061
0.71787
0.49474
0.039064
0.67637
-1.5762
0.265
0.53034
-0.17123
-0.3407
0.14374
-3.0058
1.1417
0.60228
-0.44717
0.98684
1.0041
-0.26048
1.0045
0.76375
-0.87009
-2.3781
0.41744
-0.24548
1.4685
-2.4917
-0.13509
-1.3214
-1.5103
0.56799
1.3735
-0.61572
1.2945
0.41961
-0.16016
0.13713
-0.98853
0.28098
1.0076
-0.73013
0.80121
-2.3404
1.0208
1.6014
0.96343
-2.2785
0.24538
-1.3247
-0.069532
0.076844
1.3238
-0.33828
0.93265
-0.20348
-2.5127
0.92861
0.42477
-1.0211
-0.70037
0.44846
0.4181
1.0965
0.19129
0.72966
-0.50288
-0.57238
0.47098
-1.7126
0.9178
-0.87307
-0.61767
0.51806
0.43498
1.8795
0.17402
0.51516
-0.048767
0.87557
-0.19623
0.77121
0.41425
-0.32373
-0.13194
-1.173
1.0189
0.38599
0.68732
-2.5414
0.25999
2.0171
-0.10785
2.131
-0.96096
-0.91161
1.4874
1.0076
0.2328
-0.44077
0.61241
0.018154
1.0412
-0.25205
-0.099438
0.29107
0.47994
1.9374
-0.2642
1.3582
-0.85013
-1.5997
0.42033
0.29973
0.12265
0.21604
1.207
-1.9715
1.8944
1.6988
-0.45695
-0.3214
0.57641
-0.22473
0.1662
0.18498
-0.16782
-0.26005
-0.16999
0.71728
0.91218
0.89336
0.4228
0.40135
0.91822
0.59514
1.0336
-1.2086
-1.8556
1.7596
-0.21966
0.16961
1.7451
0.086284
-0.80528
0.88083
-0.72791
-0.69869
-1.1257
-0.1486
0.085159
0.33464
0.11253
0.62955
1.3538
-1.9354
0.31739
2.1108
1.0622
0.30481
0.93737
-0.10748
1.118
-0.54384
1.5025
-0.37574
-1.5885
0.025019
-1.6156
0.060544
1.0696
0.5963
1.3096
1.1715
0.76124
0.020871
-1.3159
0.65062
-0.075389
0.25528
1.0335
0.68186
1.2748
0.52547
-0.52869
1.0451
0.44144
1.9572
0.30318
0.070588
-1.1742
-0.024223
0.096262
0.61818
0.57512
-0.38395
0.32069
0.58082
1.0216
-0.31585
-0.85181
0.79051
-1.2214
0.48977
1.0028
0.2788
-1.6538
0.9435
0.28012
0.76543
-0.23503
-0.74826
-2.0161
2.0788
0.83616
0.57447
-0.76726
0.039435
-0.50014
-0.10221
0.55633
2.3682
-0.0024195
-1.3607
-1.6884
0.29911
-1.9038
0.078398
1.8671
1.0814
-0.98147
0.3989
0.59131
0.45326
-0.77711
-1.5835
-2.1417
-0.11977
1.1203
0.19227
-1.7837
-0.51947
-1.5903
-0.1744
1.0147
0.83607
0.502
-1.3009
-0.4408
0.72786
-0.031001
-2.0239
0.84064
0.073263
-0.20529
-1.7607
0.44106
0.37634
0.41873
0.5335
-0.19142
0.59707
0.10696
0.65138
-0.32107
-0.24962
1.9493
-1.7844
-0.13024
-0.93289
0.69294
1.3918
0.65213
-1.0331
-0.16257
2.0915
1.0679
-1.0425
-0.6104
0.66939
-0.47138
2.0573
1.4244
-0.22147
-0.34448
-0.69347
-0.66061
0.34176
1.1195
0.2639
1.2372
0.15354
0.49383
-0.5738
1.2121
0.035079
0.63751
1.3062
1.4161
0.25492
1.2572
0.48453
0.18046
0.64404
-2.8921
2.0827
-0.046434
0.15659
0.67822
-0.8702
-1.8774
-0.73022
0.062617
0.17148
0.74775
0.54484
-1.2285
-0.72532
1.7324
-1.2968
0.6221
2.0268
-0.40311
2.0373
0.7703
0.70918
2.0341
0.78772
-0.83197
1.9664
-0.22326
-1.4584
-1.3983
1.8155
-0.79551
-0.66843
-0.84799
-0.64211
-0.35635
0.2293
0.099222
0.45993
1.1457
-1.5005
-0.14115
-0.094281
1.4346
0.9559
-0.32924
1.1142
-0.12281
-1.1577
-0.80583
1.3126
-1.5659
-0.52315
-1.3927
0.13315
0.033597
0.023458
-0.66147
0.66501
-1.4612
-0.31649
-0.062246
1.1998
0.79365
0.72462
1.0015
1.152
0.52092
-0.80437
-0.8754
1.4951
1.3324
-0.29929
-1.6846
-0.96257
-1.2891
-0.11084
0.39218
0.80226
-0.55518
0.15106
-0.16774
0.36412
-0.8396
0.83445
0.28775
1.1126
0.78452
0.39857
-0.28346
1.1941
-0.9403
0.0068636
-0.077647
0.9566
1.3008
-0.0069907
0.7544
0.46129
0.91446
0.88722
0.64746
0.62186
-0.86653
0.61962
0.36703
1.9535
0.71833
0.33914
-2.4545
0.17324
-1.0089
-0.45273
0.97369
-0.858
0.43797
-0.5113
0.70073
1.6461
0.56624
-0.27046
-0.77299
0.66336
0.51681
-1.104
-1.1238
-0.7743
-1.5681
1.8052
0.78586
0.78311
-0.5733
0.094677
-0.61249
0.39283
0.39043
0.55628
1.7856
1.8838
0.12011
1.0561
0.90245
0.68746
-0.41631
1.6337
-2.8481
0.39466
0.96759
0.29685
0.83465
0.020406
1.1914
0.31713
1.1641
-0.51975
0.42189
-0.4901
-0.18302
-0.20139
-0.27616
0.82702
0.99414
0.32074
-0.43701
0.75196
1.1105
-0.47231
0.68115
-0.67328
0.33414
1.122
-0.72405
1.6201
0.29038
0.5153
1.0265
0.62719
1.2792
0.64989
-0.1115
1.0886
-1.8711
1.68
-0.23171
0.05528
-0.2837
0.22599
0.17522
0.31452
-0.31242
1.2179
-0.045239
0.10973
1.2198
0.41944
0.044072
1.0108
0.17836
-0.39874
0.3369
-2.0607
-0.028894
-0.13316
-1.5957
1.0383
-0.78541
0.86808
0.27995
0.049506
0.65836
-2.4626
-0.99953
-0.53322
1.011
-2.1852
0.018341
1.6977
-1.112
-2.3283
-0.29762
1.9326
-2.6488
-1.9439
0.023384
1.9142
-0.24696
-2.5288
0.31167
0.52407
0.94306
1.1156
-0.68031
0.41979
-0.26263
-0.36343
0.72844
-1.7027
-1.2719
0.015324
0.14566
-0.12441
0.041896
-0.39623
0.58432
0.69573
-0.6071
0.45991
1.0147
0.42591
0.75311
0.70165
-0.033692
-1.6953
-0.73941
1.5154
-1.7354
0.27366
0.56201
0.26143
0.13769
0.56753
1.4159
0.29438
-1.1927
0.15453
0.28192
0.78819
-0.62117
0.89686
0.44924
-0.93168
-0.77802
1.3121
-1.5594
0.19344
0.66031
0.8038
-0.25521
0.46985
-0.12803
0.67052
0.67323
0.76021
-2.0702
0.6331
1.0836
0.93509
-0.63633
-1.6519
1.7531
1.3395
-1.7626
0.63327
1.1979
0.49973
-0.1636
0.4694
0.4975
0.35076
-1.6907
-0.14334
0.049654
0.93265
0.168
0.71069
0.92888
0.92929
-2.694
1.2833
0.84526
1.0188
-2.3228
0.019024
-0.72076
1.0272
-0.6932
1.2681
0.42398
0.55484
0.20079
1.0341
0.14922
0.96679
-0.77996
1.0753
1.247
0.1005
0.38699
-0.096386
-1.042
-1.0508
-1.4543
-0.45012
-1.4247
0.65263
0.22785
0.61047
-1.158
0.894
-0.38013
0.44298
-0.108
0.11253
0.93637
-0.70118
-1.6664
-0.32104
0.30336
0.85237
-1.191
0.82953
0.49419
1.0762
-0.051644
1.0745
1.1047
0.71009
-0.81064
0.28809
0.57358
0.047157
0.46323
-0.57564
0.75872
-2.0272
-1.5997
0.061871
0.19275
-0.53712
0.45047
-0.53953
0.15278
0.88259
-0.42386
-0.18201
-1.8854
0.77746
1.3248
0.97841
0.56319
0.63095
0.75643
1.6045
-0.92138
0.28345
0.80945
0.79373
0.74445
0.47399
-0.40908
1.2325
-1.0938
1.2276
-0.84644
0.65963
-0.31655
0.98278
0.53072
-0.68998
0.56482
1.1899
-0.4023
0.81529
-0.40152
0.90416
0.19252
0.67024
-0.26399
0.69132
-1.7925
1.1032
-0.2371
0.60742
0.69519
0.81585
-0.35369
0.95236
0.56015
0.57295
0.72852
1.0236
-0.33529
0.25046
1.5279
0.74221
-0.075036
0.257
0.40571
0.22675
1.1117
-0.70335
-0.66035
0.50548
-0.26279
0.90132
0.94539
0.36228
-0.17567
1.1179
-0.93033
0.51121
0.90682
0.63687
-0.63064
0.17145
0.22962
0.8323
-0.51903
0.49159
-0.23683
1.1541
-0.57014
0.92161
0.51615
-1.2614
-1.3061
0.50066
0.48947
1.1429
-0.79528
0.60124
-0.91147
0.15987
0.3771
-3.1266
0.72239
1.7565
-0.043777
0.84111
0.73859
0.06636
1.0844
-0.59209
-0.7128
0.55469
-0.60167
-0.26377
1.8043
1.8035
-1.0536
-0.1261
-0.20052
-2.9208
0.8279
2.3723
-0.80761
1.3351
1.7272
0.95472
-0.88019
-1.7342
-1.1698
1.907
0.41445
-0.71725
-0.22722
-0.78712
-1.24
0.81635
-0.23353
0.98634
-1.2953
-0.082771
-0.15022
0.50865
-0.38582
-0.49591
1.714
0.10397
-0.18185
1.5109
1.2545
-0.37056
-0.92726
0.91854
0.56191
0.35049
1.1465
-0.020565
0.036415
2.2342
-0.049724
0.44956
1.0336
-2.3944
-0.39558
0.84575
-1.0518
0.30458
0.9321
-2.1447
1.2336
2.1157
1.0602
-1.333
-2.4423
1.2003
0.10797
1.9591
0.47419
0.56643
-1.2207
-2.2282
0.27785
0.96372
-0.24709
0.12417
-0.13241
-1.8829
-0.39336
0.26308
-0.060188
-0.15324
1.2851
-0.12338
0.17312
0.57793
0.40252
1.763
0.29377
0.1571
-0.069178
-0.45557
0.69823
0.26966
-1.4844
0.42772
-2.1927
0.48742
0.37058
0.48753
1.0364
-1.7359
0.54725
-2.4496
-2.8695
0.90438
-1.4897
0.81159
-1.4494
-1.496
1.0211
1.5741
0.30455
1.7573
-0.21059
-0.96532
-0.46542
0.39713
-1.0411
0.42576
-0.40748
1.402
-0.44182
-2.4135
-0.77048
1.5333
0.44904
-0.6405
0.42741
0.073491
0.76298
0.49493
0.64449
0.55127
1.6518
0.31988
0.75286
-0.49627
-1.0214
-1.4507
-1.9275
-0.4529
0.52581
1.7081
-1.036
0.94948
-0.33698
1.0866
-1.2141
-0.6038
0.57022
1.4565
0.19025
0.66477
-2.0811
-0.91019
0.99755
0.1276
1.6541
0.69886
-0.21587
-2.5626
1.1147
1.543
0.71246
-0.28853
1.2305
0.56234
0.094996
-1.8421
-0.20018
1.1327
0.93969
-2.2773
-2.9979
1.2134
1.2327
0.069304
-0.047005
0.64897
-0.40871
0.09131
-0.43098
0.63407
1.0824
1.0602
-1.4848
0.91332
-1.7599
1.045
0.77019
-1.7266
0.45753
1.2912
0.54166
0.27071
1.4108
1.1132
-1.6947
0.47856
-0.38392
0.46238
-1.6911
0.044532
-0.32715
1.0283
-0.22626
0.92112
-1.4581
0.58988
1.4562
1.3008
-0.34191
0.75968
2.2691
0.096715
-0.78297
0.64285
0.77917
0.093706
1.371
-1.0139
0.035722
1.1531
0.45386
1.2649
-1.0809
0.7868
0.10253
-0.38129
0.55477
0.39824
-0.56738
0.48061
-1.0607
0.83279
0.26867
1.3046
-1.1141
0.037231
-1.1692
1.2388
-0.080336
-0.27608
-0.04432
0.54031
0.39581
0.85128
0.45583
-1.6207
-0.23979
0.72484
1.0554
0.50897
0.45954
2.1642
-0.89866
1.039
0.83889
0.2997
0.055707
-0.09855
0.49224
-0.73154
-1.8878
-1.656
-0.95949
1.4074
0.02887
0.4225
-0.30657
-2.0274
-0.05193
0.76635
1.0585
0.40179
-0.59666
0.96429
0.057045
-1.1316
-0.84746
0.24327
0.82977
-0.037096
0.80441
1.5088
0.26621
0.94242
-0.7223
-0.088981
-0.7968
1.2056
0.60438
1.0636
-2.2722
0.32703
0.12002
0.16783
-0.27167
0.52389
-2.5233
0.31879
-0.23976
-0.42321
-1.3751
1.1195
1.2831
0.99081
-0.83248
0.68278
1.0211
1.0659
1.1741
-0.10939
0.22651
-0.78375
0.34357
-2.1529
0.64101
-0.69815
0.29456
1.5367
-0.49876
0.34188
2.1937
0.90661
0.26109
0.45129
1.1089
0.15754
0.50755
-1.6331
0.96955
0.73982
-0.7161
0.97853
1.2491
0.95607
-0.984
-0.88011
-0.56699
1.1107
0.44588
-0.073885
0.051718
0.55139
0.70519
0.56186
-1.153
0.23508
1.2112
0.43534
0.31995
1.0965
-0.29042
0.32622
-0.29386
1.1097
0.61144
0.32879
-0.57662
0.58518
0.32083
0.65421
1.0488
0.014761
-0.14366
0.30583
0.14257
1.0052
0.61174
0.56021
-0.71509
1.122
0.28049
1.1974
1.1575
1.2198
-1.4111
0.57261
-0.63543
1.156
-0.40974
-0.83456
0.39555
0.46939
0.55503
0.89026
0.64879
1.1043
-2.2544
0.8461
0.27795
-0.21487
0.3744
0.020085
0.89717
-0.20941
0.60832
-0.18264
0.79439
0.15562
0.31484
-0.90858
-0.58767
1.1713
1.3109
0.013052
-3.0732
-0.18899
-0.64373
1.0319
-0.75764
0.61792
0.83091
0.54734
-1.3161
-1.4272
0.72557
-0.12537
1.3649
0.3237
-1.7651
0.30578
-0.43865
1.0167
0.90218
0.11041
0.85061
0.20159
-0.67314
0.50198
-0.055697
0.86414
0.58508
1.0799
0.64483
-0.29689
-1.2531
0.96485
1.0412
-0.74013
0.087328
0.69597
1.3082
0.15244
0.74712
0.4204
0.73545
0.40397
0.47492
1.0771
0.027985
1.0653
-1.7254
0.80135
0.61533
0.1004
0.076262
0.38841
1.319
-0.51154
0.4473
0.18192
-0.34407
1.1748
0.98593
0.15213
0.55224
0.26715
0.22245
0.99462
0.67001
0.44047
-2.2395
-0.065072
0.75295
1.0369
0.58678
0.12579
0.42422
0.80709
-0.18391
0.42646
0.46563
0.69261
1.2001
-0.70754
-0.25552
-0.13728
-1.7094
-0.99875
1.4699
0.03262
-1.8583
0.75548
0.74785
-0.26706
-0.072631
0.82929
-1.5578
1.0012
0.75906
0.20181
-0.12253
-0.011745
0.84187
-1.5543
-0.31373
-1.0034
-1.1233
0.30389
0.86792
0.29811
-2.1253
-0.45979
0.090114
0.63857
-0.18783
0.39836
1.0241
0.68648
0.02065
0.30508
0.59979
0.59696
0.51828
-1.9304
-0.76225
1.4031
0.63636
0.81233
-0.071676
0.028483
0.85595
0.90465
1.1581
-0.72024
0.91546
0.3494
1.7998
0.3332
0.64841
0.63552
0.77731
-1.1446
1.0206
1.2199
0.17603
0.46797
0.59422
0.2476
-0.16826
0.19651
-0.50662
-0.88875
0.93052
1.7832
0.48286
0.30962
1.1748
0.56718
0.86755
-1.9391
0.095676
1.1696
-0.79796
0.46764
0.75898
0.0015897
0.22334
1.8819
0.053452
-1.9913
0.0076357
0.17494
0.7387
0.088114
0.41825
-0.68109
-0.9221
0.25164
1.1714
0.84039
0.23108
-0.74387
-0.23667
-1.3803
0.67486
0.3843
1.8846
0.36024
-0.23929
-1.0171
-0.99421
1.0193
0.9452
0.51594
-1.4309
0.30172
0.29135
-0.83785
0.28352
0.48187
0.28925
1.2833
1.4538
-0.78221
1.6483
0.68607
-0.17126
-0.75795
0.69042
-0.10976
0.6477
-0.24176
-1.2505
-1.1816
-1.0362
0.053208
-0.64988
-2.0449
0.88462
0.88394
0.59757
1.0079
-0.70075
1.225
0.48252
-0.5636
0.42641
1.5036
1.0939
0.24077
1.2901
0.19411
0.36001
0.056001
0.5577
-0.35345
-1.052
0.52905
0.31466
0.35293
-0.55396
0.011868
-0.040029
0.6613
0.19965
0.15867
0.76308
-0.70839
-0.43126
0.55891
1.9979
0.597
0.8518
0.14725
-1.1588
0.59101
1.3009
0.4121
-0.25424
0.53471
0.79667
0.69014
0.79905
-0.46537
0.46065
1.9745
-0.15708
-1.1389
1.7648
0.713
0.26136
0.22471
0.12684
0.62579
1.5777
-0.26026
0.46973
0.4523
-0.28713
-0.61334
-2.7241
-0.83596
0.032744
1.0893
-1.6919
1.0103
0.14499
0.55795
0.57019
0.14078
1.651
-0.10513
-1.0446
1.2779
-1.0828
1.0406
-0.41268
0.0059168
-2.903
0.78871
0.65335
-0.061127
-0.25557
-0.056023
0.92719
0.48155
1.0996
0.50153
0.7517
-0.38678
-0.26749
1.0119
-0.61356
-0.49483
0.851
-1.0759
-0.052014
-1.0109
0.58656
0.43178
0.97325
-0.31965
-0.091145
-0.46933
-0.92781
-0.14994
-1.3039
-1.1201
-1.259
-0.22749
-1.1328
0.69064
-0.56393
0.71073
-0.053993
1.1279
-0.40443
-0.48842
1.3574
0.39646
0.65413
1.2083
-0.21925
0.81988
0.80879
0.235
0.73929
0.78836
0.56011
0.065171
0.20541
0.6054
0.6024
-1.3194
1.4374
0.17388
0.5126
-0.22898
-0.37721
0.43566
0.44453
-1.4436
0.89168
1.2672
0.98968
0.13416
0.15471
-0.48249
1.166
-0.025196
1.1768
0.80287
-0.041911
-1.0739
1.108
0.37376
0.77585
0.9163
0.39317
-0.53696
-1.8798
-2.0234
0.78026
1.3106
0.051815
0.20259
-0.05597
0.51053
0.67067
0.46635
1.1151
1.1242
0.7056
-0.37357
-1.8586
1.0043
-1.2554
1.608
-0.38535
0.32117
1.3092
-1.8177
-0.77538
0.93235
0.019607
-0.04267
-0.93531
0.62877
-0.17005
0.27273
0.1321
0.49302
1.4248
0.5442
-0.1426
0.72433
-0.82945
-1.7496
0.91365
-1.9515
0.68508
1.1541
1.2471
-1.2928
0.53239
1.287
0.8007
-0.11776
0.68753
1.2173
0.1824
0.68211
-0.67087
0.29549
0.72908
-0.65345
1.481
0.55446
0.20285
-1.5572
-1.8456
-1.9016
-1.0505
-0.37635
0.3037
0.28066
0.42131
-0.38188
1.2784
-0.88209
0.061514
0.35218
0.68656
-0.50852
-0.0086645
0.09193
-0.88728
0.64044
-0.52075
0.95255
-2.0913
1.411
-1.0717
0.95702
1.8849
0.60989
0.47842
0.52659
0.11805
0.74944
-0.45748
0.70041
-0.10725
0.15662
0.62853
-0.057587
-0.95282
0.23886
0.51262
1.1325
0.89458
-0.038504
0.34577
0.45157
1.1002
-0.97131
-0.17847
0.60415
0.6276
0.70198
0.97148
0.32265
0.80747
1.087
-0.34306
1.5101
1.3106
0.87654
0.48413
0.08207
0.12437
1.0764
1.0698
0.69539
0.65722
0.69372
0.42092
1.2406
-0.29829
1.0859
-0.087674
-0.341
0.43137
1.0683
-0.5653
0.92032
-0.63182
0.53352
-1.7575
-0.29855
1.6817
1.0754
0.93493
0.65684
-0.26155
0.093241
0.96074
0.6281
-0.21341
0.31892
1.2638
0.35191
-0.14611
0.42684
0.59348
-0.41568
-0.66366
-0.19678
1.1233
-1.5674
1.6448
0.68315
1.0977
0.24872
0.87768
-1.9807
0.18763
0.032545
-0.96032
-0.15748
-0.019545
1.1716
-0.1227
1.0798
0.33937
-0.38332
-0.47577
0.76657
-0.11734
-0.19125
1.4594
0.74036
-1.4073
1.176
1.0372
-0.59588
1.282
-2.1079
1.133
2.2545
1.2873
0.7489
0.74411
-0.23365
0.39675
-1.7777
0.97903
0.12511
-2.8193
-1.7538
0.18656
-0.6005
0.84249
-1.1144
0.79907
0.094854
0.036334
-1.8788
0.15594
2.1339
-1.3636
-0.057967
0.51614
-0.18223
-0.34338
-1.253
-0.5977
0.42259
0.35984
-1.237
-0.81192
1.5553
0.69528
0.091552
0.71631
-0.29013
-2.0337
-1.6774
0.45658
2.1879
0.34095
0.56881
0.23
-0.48678
-1.5466
-0.72959
0.26278
0.66285
-0.27328
-2.188
-0.63745
-0.47939
0.019401
-0.93292
-2.708
0.13931
-2.649
0.24539
0.87644
-0.018242
0.56214
0.56171
-0.56393
-1.5495
-0.64283
-0.81255
-1.222
-1.5789
0.49572
0.86552
0.57428
-0.3467
1.6506
-2.2614
1.4621
0.33747
-0.085922
0.66001
0.12322
0.77225
1.2863
-1.106
-0.59935
1.8572
0.58693
-0.33929
0.56963
-2.6854
-1.2416
0.71091
0.34058
0.19004
-1.8056
-0.093128
-2.0904
0.044805
-2.2411
0.68791
1.8297
-1.6673
0.96734
0.60034
0.99724
2.0329
0.90865
0.19457
-0.54231
0.71919
-0.28173
0.84955
-1.099
-1.2205
-0.24765
2.0319
0.11737
0.39292
-0.71324
0.12253
0.84267
-0.64559
-0.46304
0.30659
0.6558
1.4337
-0.49517
0.83356
-0.019122
-1.7041
0.4629
0.66708
1.0627
-2.9168
-0.35617
2.2159
1.2934
1.9172
0.74858
1.2139
-0.093636
-1.1038
-2.039
-0.43252
0.054264
-2.6534
-0.50978
0.0429
0.58391
-3.1992
-1.0101
0.31734
-0.066333
0.37764
-0.82484
-0.48472
1.3185
2.0667
0.97028
0.046098
1.5324
-1.3108
-0.29978
-1.7685
-2.4597
-2.0474
0.86184
-2.9967
-0.70047
-1.0901
-1.1258
-0.99459
1.3865
-2.513
-0.55582
-0.47803
1.3359
0.029991
0.10217
0.70559
-2.2167
0.81504
-0.016183
-2.1443
0.98003
-1.8433
-0.82063
0.28826
-0.98297
0.68896
-0.91219
0.78205
-0.73397
-0.36818
0.37581
0.17542
1.1064
0.023963
0.44914
-0.0073477
0.15528
0.036791
1.5227
0.18003
0.84746
-0.93969
-1.0887
-0.70409
0.45686
-0.57064
-1.0421
-0.30455
-0.048056
1.3199
-1.5961
0.91161
0.8556
2.0283
0.26447
1.087
-0.29931
-1.9136
0.29658
-1.0044
-0.44566
-0.36021
0.11522
1.984
-0.73234
0.14577
0.25325
-0.052231
-0.41216
0.43639
1.8818
-0.78907
-0.23526
0.12815
-0.31966
0.12974
0.32502
-0.31514
0.5131
1.4295
0.63257
0.0096573
-0.66595
1.7566
-0.28353
-1.2264
0.16101
1.8847
-2.6864
-3.2081
0.96446
-1.4173
0.97983
-1.7104
0.011032
1.6898
-1.5347
0.34677
-2.5137
0.14337
-0.4964
0.1778
0.48069
0.30733
0.91405
0.23003
1.2737
0.7457
-2.3911
1.2465
0.66526
0.77513
2.2626
-2.1764
0.93656
-0.11061
-1.2008
-0.75273
0.188
0.48869
0.78839
0.25627
1.266
0.95159
0.89094
1.1994
-0.73713
0.97554
-0.57372
-2.2535
1.5713
1.0972
0.033189
-0.52188
-1.4824
0.43922
0.41433
1.0026
0.10712
0.99824
-1.3347
0.8433
0.54798
0.49699
0.87272
-0.11464
-0.76384
-0.28536
0.45299
0.6017
0.03961
0.66256
0.18951
0.60851
0.33576
0.25879
1.9137
-2.3174
-1.9562
-1.1184
1.683
1.3704
0.78647
0.76869
0.6271
0.55104
1.6252
0.12879
0.81875
0.17643
-0.55799
1.2286
-1.6983
-0.051155
0.55122
0.88212
1.0574
1.0783
-0.67919
-0.098626
1.2753
0.73765
1.5438
0.318
0.40229
1.1117
-0.13742
-1.5474
0.25451
1.3183
0.50031
0.34136
0.54955
-2.43
0.87605
-0.42918
1.1148
1.0837
0.10403
0.0012454
-0.54007
-0.26171
0.87149
1.2661
0.92104
0.48514
-0.65874
-0.86433
0.50758
0.4497
0.040446
-0.80952
1.2941
1.0723
0.26551
0.71725
-0.60057
0.57011
0.878
0.76075
0.79364
0.51583
1.0467
-0.7425
-1.0591
-0.1789
-0.16793
0.32767
0.62962
0.012056
0.42769
0.33146
0.89743
-1.6401
-1.1239
-0.22861
0.54405
0.87606
1.2673
0.63851
-1.191
-0.69408
0.94531
0.60662
0.2376
0.26472
0.30406
-1.5488
1.4187
-1.4754
-2.393
-0.069185
0.25388
-2.4538
1.5307
1.6513
1.4018
-0.65394
2.1262
-0.84169
-0.41458
0.66501
0.34369
0.82626
0.24367
-1.3788
-0.6295
-0.14442
-1.6908
1.1601
0.096365
1.3625
-1.9518
-1.9636
-2.5026
1.3895
-1.1803
-0.48561
-0.49989
-0.40694
-0.49114
0.53296
-0.92385
1.2641
-1.3535
0.39317
1.2449
1.2691
-1.8687
-1.5692
-0.21348
1.3854
-0.18036
-0.31918
-1.9803
0.40436
1.0911
0.82281
0.77038
0.69193
0.017061
0.79663
0.98816
1.4305
-1.8443
-0.35379
-0.12349
0.82419
-0.23387
-1.6393
0.38524
0.9695
-0.11839
0.94809
-1.2511
1.5001
0.5965
0.021331
-1.0801
1.3943
-0.70438
1.3165
0.21661
-2.0676
0.45159
0.71356
-0.96186
0.050484
0.28182
1.1157
0.86816
1.3336
1.2955
0.040218
0.10968
-1.7513
-0.28726
0.36017
0.3946
1.1848
0.69944
0.28954
0.90021
-0.94483
-0.070664
-0.060678
-0.45854
-1.7792
1.2805
-0.5554
-0.12993
0.95822
-0.42577
-0.64387
-2.1747
-0.93187
-0.86623
-0.86836
-0.53854
1.1568
-0.13943
-0.36684
1.3069
0.50122
-0.59689
0.73671
1.0576
-0.36833
-1.1535
-2.1225
0.93736
0.93033
0.744
1.8136
-0.56277
0.0053417
-1.6007
0.72916
0.46509
1.8718
-0.6143
0.61638
0.30521
1.6634
0.093444
-0.31131
-0.0038881
-1.1763
1.8672
-0.53374
0.96369
1.0705
-0.74512
1.5336
1.2318
-0.054079
-0.11528
0.56908
-0.29354
0.10546
0.32244
0.92758
0.96102
0.073954
0.82685
0.69753
0.6216
-1.4036
0.15825
0.58038
1.3003
-0.75519
-0.52263
-0.43555
-0.57658
0.84731
1.1537
-1.7268
1.5605
0.71348
0.98343
-0.037854
0.49392
1.5341
-0.45543
-0.51272
-0.81097
0.17407
0.71216
0.26246
1.6395
1.2796
0.96828
-0.73773
0.35999
0.3609
0.086199
0.05014
0.95281
0.55385
-0.6879
0.69717
-0.32806
-0.088163
0.12981
1.1875
0.57916
-0.30301
-0.2025
1.259
1.7365
2.2331
1.3921
0.12285
-0.10136
-0.52705
1.853
-1.0157
0.76536
1.282
-0.28001
-0.8863
-1.4295
0.61482
1.4334
1.0726
-1.5139
0.25205
0.15286
-1.3067
1.1274
2.2843
-1.6723
0.021918
-0.69205
-0.28278
0.5773
-1.4085
-0.17047
0.83112
1.3658
0.60368
0.28379
-0.18795
0.47312
0.94006
1.4593
0.25229
-1.5722
-1.5739
0.19174
2.0677
1.1141
-0.73149
0.27042
0.2421
1.1411
-0.48228
-0.76178
-0.75578
-0.46595
1.2841
0.48022
0.18922
0.18776
0.12436
1.0351
0.27335
-0.61143
-0.33956
-0.30652
-1.188
2.122
2.1449
0.62822
-1.8819
-1.4563
-1.2492
0.63983
0.82894
-0.22581
0.085547
0.099426
-1.1421
0.13722
1.5276
-1.292
-1.9371
0.12761
2.138
0.72244
-3.005
-0.85996
-2.53
-0.16412
0.53896
0.6774
-0.38374
1.4782
-1.6285
-0.19259
-0.27682
1.2297
1.7937
0.31851
-2.9411
-0.68234
1.38
-0.011705
0.84229
1.3739
-0.69291
0.60084
-0.18744
-1.1618
1.7387
1.3216
-0.20148
0.7916
-0.65588
0.53554
-0.60663
1.1978
1.3268
1.1873
-0.87754
-0.5312
-0.69468
0.053622
1.0401
-0.2694
-0.41097
-0.32622
0.43357
1.2802
2.0416
-0.019464
-0.10866
1.1814
0.88217
-1.7506
1.3629
0.54836
-0.28193
-1.0615
0.98075
-1.0344
0.40782
1.2073
1.9954
-0.09995
-0.22837
0.28517
-0.88176
0.88941
2.1871
-0.25283
0.31891
0.21768
0.51824
0.98716
1.1384
1.4871
-0.59185
0.88903
-0.11053
-0.45714
1.3908
-0.68855
0.028125
0.88871
-0.15446
-2.5106
-1.2424
-0.16334
2.2971
-0.40577
-1.1863
0.50968
0.49941
0.20974
-1.0477
0.31195
0.56066
-0.24223
2.0817
0.70695
-1.2081
-1.5702
-1.473
0.4253
0.86685
-0.23958
1.5948
-0.15539
-0.91274
0.48497
0.52758
-0.242
-0.29162
0.16811
0.77247
-0.081346
0.038294
-0.087977
0.093293
-0.96563
0.22107
1.7622
0.81365
-0.20386
0.072457
1.0154
-2.7122
0.48712
-0.84784
-1.1823
0.76685
-0.47084
1.31
1.2236
0.14961
0.194
0.7487
1.2252
-0.93704
0.090541
-0.40535
-0.69164
0.73147
1.6381
0.8948
-0.16617
0.3614
-0.17404
0.99024
-0.91117
0.99348
0.13449
1.7695
-1.1732
-1.9248
-2.9423
-0.98332
0.054143
-1.5137
0.84239
-3.2344
-1.3744
1.616
0.51789
-0.35277
0.15248
0.58977
1.4258
-1.9099
0.036302
0.65625
0.59789
0.3826
-0.88286
0.23042
-0.89386
-2.0636
1.5579
1.8913
1.1382
-0.078683
0.33838
1.4087
-0.25011
-0.5741
-0.87027
1.116
-1.2599
0.68644
0.37099
-0.080034
0.33622
0.28858
-0.72945
0.21636
0.96889
-2.1883
-1.4834
1.5975
0.43917
0.045323
-0.23792
0.12131
1.1198
1.1034
0.88523
0.94904
0.60256
0.091726
0.14843
-0.36097
1.2957
-2.0545
1.041
0.71505
0.60013
0.37598
-0.98977
1.439
0.75792
0.17709
-0.50993
0.32821
-0.063251
1.6952
-0.54021
1.0607
-2.1346
-0.43264
-0.34023
1.0611
0.29195
1.0859
1.5044
0.4802
-0.5934
-1.5648
0.90528
1.3792
-0.3171
0.4906
-0.99369
-0.4454
-0.010374
0.80492
1.7449
1.375
-0.66804
0.24633
0.40715
0.54444
1.0838
1.1638
-0.58109
1.6094
-0.43704
1.0405
-0.27574
1.0715
0.57901
-0.086222
-1.8919
0.79845
1.2399
-0.64691
-1.028
0.60728
1.3755
0.94992
0.49456
1.4086
1.6163
1.3423
0.5108
0.634
0.5447
0.18214
0.39712
0.47471
1.6734
-0.039553
0.036981
-2.0114
1.1103
1.7516
-1.3554
-1.4209
0.10943
2.0588
-0.0041065
1.4724
0.85055
0.84076
-0.072852
0.12569
0.021683
1.9261
-0.49366
-0.17033
-0.36098
0.50631
0.63842
1.0084
-0.23385
-0.29293
0.59684
-0.022552
0.75815
0.37044
1.6783
1.3371
-1.9376
1.4605
0.93749
0.017245
-0.081134
0.61955
0.65419
0.6672
0.89536
1.8738
-0.50148
1.4801
0.063984
1.3743
0.80101
0.83117
0.49051
-2.278
-0.11217
1.5178
0.74306
0.99946
1.0292
1.1122
-0.50485
0.31783
1.2136
0.66501
1.0833
0.75773
-0.024143
0.17852
-0.87464
0.85031
0.058349
1.4288
0.028338
-0.081833
0.78042
-0.73596
0.95768
1.3298
0.54386
1.1742
-0.25466
0.45534
0.36629
-2.5456
-0.43066
1.27
0.055326
0.4438
0.91362
1.2761
0.30426
0.78563
-2.3747
0.89498
-0.98684
-2.1484
0.80634
1.1417
0.41455
-3.1888
0.44285
1.8553
0.32144
0.77225
-0.48812
0.12305
0.66202
-0.46235
0.66998
-0.5788
-2.1331
0.047965
0.57599
0.82453
1.5433
-2.2981
0.14754
1.5293
0.72671
0.38023
1.0131
-0.018015
0.54961
0.68436
-0.96874
-0.1009
0.5646
-1.3423
0.32158
0.16973
-0.96741
0.84632
1.673
-2.3371
0.25314
1.5545
-0.55822
0.82619
-0.59953
-0.069171
-0.96842
0.92601
-0.079379
-0.076047
-0.91319
-0.016493
-0.40345
-0.0092975
-0.071829
0.93298
-1.0532
0.7333
-1.6589
1.4529
-0.054264
0.44965
0.075829
1.0939
0.77206
-2.8263
-0.016652
1.5915
-0.47366
1.4232
0.22216
0.068933
-0.45794
-2.3222
1.2041
0.80464
0.29592
0.24095
1.1031
0.1706
0.23513
-0.041859
-0.91782
-2.5089
0.20017
-0.72626
-1.8938
0.12424
0.95585
1.5039
-0.50295
1.4959
-0.81324
1.4058
-0.52735
0.047366
1.5717
0.46683
-1.0302
0.64072
0.35258
0.58629
-0.051077
0.92223
-0.98308
0.75283
1.2805
-1.5653
-0.47411
-2.4656
0.42027
0.78767
0.41629
-0.15157
-0.099975
1.584
0.7224
1.3675
0.22276
0.62494
-0.61562
2.1388
-2.0166
1.2854
0.49076
-0.14154
0.41548
0.0052165
-0.27834
0.96711
-1.1674
-2.1466
-0.6517
1.0791
0.83582
0.5787
-0.7912
-0.61561
-2.3529
-2.9586
1.1296
-0.13052
-2.0957
1.3264
-1.0005
1.2584
-0.91308
1.8837
0.072039
1.567
-1.6697
-3.0776
-0.89353
-0.52726
1.2327
0.6292
0.35098
-0.08946
0.60281
-3.1387
-1.4868
0.80608
-0.78593
0.30471
0.49438
0.81784
-1.3711
0.32056
-0.90829
-0.14232
-0.014546
-1.8382
0.088552
1.6538
0.33934
-0.55312
1.8479
-0.68855
-0.17158
0.24455
1.1475
0.0017081
1.1051
0.97329
-0.21432
0.59889
-0.56436
-2.2879
-0.37221
1.494
0.15208
0.12321
0.21373
0.67646
-1.3059
0.61777
0.46503
-0.33561
-0.14604
-0.22579
-1.141
0.91789
-1.2073
1.4149
-0.43761
-1.2411
-0.051575
1.9179
0.76016
0.11666
1.4704
0.23669
1.4042
0.11478
1.219
-0.17411
1.5047
0.16884
0.63064
-0.04534
-0.26888
0.49851
-0.23332
0.45376
0.66524
1.2004
0.87847
-0.38527
-1.0149
0.72608
0.48438
0.73649
-0.2479
0.64104
0.8352
-2.3959
1.301
1.424
0.33092
-0.73067
1.4153
-0.36174
-0.38734
0.23503
-0.38127
0.87308
-1.9147
1.0125
-0.98367
1.1537
-0.020701
0.17003
-0.73906
0.83696
0.25484
-1.8592
-0.55735
0.23303
-0.1508
1.3308
-0.70775
0.2403
-0.67603
0.32964
0.72166
1.5816
0.47422
0.077602
0.54317
0.61405
-2.4508
-0.080857
-0.43924
-0.18262
-0.5734
-0.46424
-0.70292
1.3528
-1.7907
1.2842
-0.25134
-1.0951
0.31682
-0.33067
-0.29766
1.4305
0.16424
-0.18991
0.38693
1.3261
0.32085
0.27267
1.6536
0.28902
0.57122
0.28878
-1.0072
-0.39207
-2.1066
-2.4462
-2.9276
-2.3519
0.94302
1.2349
-0.24361
0.41471
-1.0966
-0.23597
-1.5528
0.050082
0.14385
-0.30512
-0.075108
-2.8852
-1.0215
0.22564
0.312
1.0941
0.0040716
-1.8196
1.0323
0.25652
0.79043
0.87842
-0.0054802
1.2725
-1.8512
0.078053
0.64778
0.60593
0.17639
1.1199
-0.17714
0.11726
0.83598
0.22812
0.0029823
0.45976
1.03
0.69513
-0.00044148
0.38861
0.14493
-0.01653
1.4611
1.3843
0.075344
0.29474
-0.85888
0.40248
0.45975
0.57891
0.24363
-0.14639
-0.033822
1.1568
-0.74745
0.35559
-0.41923
0.7266
1.2844
-2.6655
-0.41471
0.28399
0.73555
0.16593
-0.82231
0.39962
1.2137
0.38727
0.21543
0.3008
0.66678
-1.0547
0.66966
0.20295
0.54739
0.12601
0.62034
0.61573
0.55663
1.2514
0.27318
0.084152
0.18694
0.00016246
0.03579
0.40801
0.13305
1.0559
0.40485
-0.28905
1.6321
0.3365
-0.51565
-0.38591
1.0713
0.45172
0.5633
0.16497
-2.0961
-2.4041
0.98677
2.256
0.17477
-1.5509
0.90271
0.44075
-0.10706
-2.4468
-1.2593
-0.50808
-0.54102
0.90461
-2.5713
0.13953
1.8385
-0.90073
1.3803
1.8487
0.36959
-1.2521
1.1568
-0.15315
0.38454
-0.82424
-1.1205
0.5221
0.56189
0.33463
-0.20837
0.18385
0.23215
-1.0828
0.83514
1.9965
1.6686
-0.54167
0.66747
-0.71924
-1.3091
-1.9253
1.3125
0.139
-1.3456
-1.0076
-2.4094
0.22311
-0.28032
0.15113
-1.2951
-0.035045
-1.3564
1.0092
0.98417
0.50562
-0.31788
0.20335
0.93454
-0.38006
-0.021589
-0.94528
0.85675
0.45301
-0.13553
0.61196
1.1555
-0.35484
0.56344
1.9567
-0.61225
0.46537
-1.1094
0.36356
1.3713
-1.2435
0.33248
0.28099
1.0344
-1.0931
0.63318
-1.2977
0.16739
-1.1661
-0.11687
0.32612
0.92889
0.092093
0.30641
-1.0501
-0.065884
0.30643
-0.16978
-0.47855
-1.7286
-0.033971
-1.6
1.6019
0.084443
0.45897
-0.091846
0.54422
0.82346
2.0408
-0.15478
-0.63515
-1.297
0.46022
1.4483
-1.2284
-0.95713
0.81334
0.045591
-0.86668
-0.62425
-0.64817
0.054623
-0.5808
-0.95039
1.7475
-0.77485
0.80857
0.074481
0.0011005
0.29112
-0.022179
-1.9621
1.8271
0.6277
0.6195
-1.2371
-0.37998
-1.6914
0.74206
0.98994
-0.19256
0.86356
-1.8339
-0.035637
-0.81511
-1.0008
-0.78087
-0.016791
-1.2046
-1.7327
-1.4959
1.0033
0.070736
0.16255
0.059945
-0.03013
0.21886
0.74552
-0.18175
-0.47145
-1.6069
-1.7881
1.9854
-0.4636
-0.78323
-1.3159
1.8429
-2.0928
-1.883
0.086786
0.42464
-0.036969
-0.42808
0.69678
0.26481
0.31015
0.67402
-0.39643
0.30239
0.97441
-0.3274
0.27725
-2.5371
0.89819
-0.43279
-1.2669
-0.85994
-2.2447
-1.0112
1.0308
0.041837
0.66761
0.067021
0.31261
-2.1572
-0.8908
1.1039
-0.28516
-1.4536
-0.046567
0.90858
1.4916
-0.19462
-0.9016
0.18779
-0.60773
-1.2457
1.0433
-1.732
0.65246
0.31669
-0.5879
0.29915
1.1084
-1.2091
-1.2128
0.93368
0.63225
-0.92017
0.51433
0.19739
0.15914
0.35887
-0.26896
0.4054
1.2404
-1.2715
-0.50714
-0.21881
0.24398
0.19512
-0.24133
-1.7044
-2.7354
1.4249
0.97217
-0.69712
0.039481
0.70532
-2.1371
-0.25296
-0.60557
-1.4019
0.30553
-1.4962
-1.1569
0.25646
-0.31886
-0.059938
1.2204
0.63197
0.5408
0.68999
-2.7114
0.26374
0.040209
0.8409
1.0024
-1.3336
1.0721
0.17125
-0.79517
0.1515
0.65162
0.32772
-0.22953
0.5531
-0.62094
0.04816
1.4898
1.0073
1.0284
1.1721
0.43688
0.064032
-0.93197
0.66295
0.70114
-0.40375
1.0151
-0.075112
0.87248
0.4468
-0.14143
0.58369
-0.29326
-0.39122
0.63005
1.3702
0.96368
-0.061114
1.0466
-0.25457
0.96768
0.11028
-1.2221
-0.30115
0.72129
-0.15585
1.0716
0.80455
0.21537
-0.86205
1.0084
0.59398
0.23115
0.051038
-0.2602
1.0157
0.82659
0.63741
1.5761
-0.68977
-0.12869
0.32696
0.95009
0.50653
0.37899
1.3088
-0.1882
0.35804
0.87616
-0.26157
0.10032
1.1477
1.7606
0.24923
1.1435
-0.76719
0.61827
0.50743
1.2284
0.70178
0.20827
-0.89803
0.035661
-0.6536
0.78731
-0.27628
0.36763
0.19515
-0.2778
0.1361
-0.9118
-0.85107
0.43939
0.73744
0.0001803
0.24989
0.4683
0.75898
0.024549
1.24
-0.11103
-1.3767
-0.036829
-0.15074
0.19878
-0.7326
-0.22348
0.61728
-0.33715
1.36
-0.037158
0.21868
0.22311
-0.53018
-0.73292
-0.5462
-0.7308
0.37035
-1.1845
0.27766
-0.50559
-1.2872
-2.6656
0.07674
0.38737
-0.82221
0.43443
-1.8318
0.57631
0.19157
1.5503
-0.78027
0.48043
0.030155
1.2341
-0.11067
0.23378
-0.88209
-0.88195
0.11195
0.77907
0.22107
-0.17367
-1.6133
-1.541
-0.49877
-1.0056
-0.9836
-0.16991
1.27
0.11784
-2.4014
0.63993
1.2791
-1.2934
-2.0252
0.27103
-0.13591
-0.21667
-1.4829
-0.55081
1.3617
-0.073874
-1.9633
0.73342
-1.1405
-2.3748
-0.3909
0.11017
0.076574
-0.52755
-0.75419
0.63158
-1.8822
-0.70641
-0.37606
-1.4448
-0.1359
1.1304
-0.35769
0.59455
-2.0169
0.37676
-1.5795
0.51212
0.054201
0.019536
0.057422
-0.1138
-2.0205
1.1013
1.7917
1.1036
0.090271
-0.53303
-0.50565
0.032895
0.12312
-2.4217
-0.34169
-1.3825
-1.2157
-0.077091
0.96069
0.8055
-1.0054
-2.8914
0.95525
0.36526
-1.6779
0.94135
1.6875
0.49246
-0.74094
0.88598
-0.46802
0.22734
-0.45084
0.87245
0.6148
0.038495
-0.96108
-0.010832
-0.029648
0.72632
-0.94844
0.6428
0.37084
1.0882
-1.5913
1.3875
1.6405
0.86657
-1.1067
-0.44675
0.038704
0.34954
-0.18431
1.0938
0.38414
0.88952
-0.84938
0.098485
0.70182
1.3912
-0.82371
-1.0113
0.9146
1.1222
0.55667
0.052889
1.0377
1.818
-0.028687
0.22511
-0.80038
0.17513
0.28095
0.29953
1.3647
0.54855
0.050752
-1.9056
0.31825
-0.2037
0.012464
-1.8549
0.75101
-0.037621
-0.051077
-0.5723
1.6931
0.59825
1.3788
-1.2379
-0.0036877
-1.7291
-0.24525
-2.5458
-2.0142
0.048064
0.84937
-0.69725
0.76316
0.49713
0.27559
0.6139
0.96206
0.74311
1.1218
-1.8525
0.89577
0.41121
1.603
0.43696
0.37807
-1.8833
-0.63381
1.3123
0.67439
0.43781
0.19725
-0.26555
-0.61845
0.32129
0.6649
0.14405
-0.26156
-0.56254
-0.59903
0.64091
-0.59166
1.3221
-1.642
-0.82802
0.31359
-0.18444
0.55639
-0.044473
-1.3341
-0.23753
-2.2248
0.7612
0.73635
0.11895
-1.8317
-0.25455
-0.0073211
1.3876
-0.32858
-1.2803
1.3741
-0.91173
-2.3501
1.0646
0.080463
-1.233
-1.9886
0.41394
0.52065
1.3773
0.75179
0.52482
0.35339
0.3113
0.38488
-1.9613
-0.3061
-0.77084
0.90899
0.23088
1.7553
-0.32746
0.51784
-0.23243
0.68564
0.20993
0.4508
1.3178
1.5676
-0.21858
-0.2589
0.99697
1.3671
-0.23397
-0.1032
1.1771
0.83598
-0.96044
0.53396
-1.4193
0.083594
-0.58775
0.004888
1.5528
0.74488
0.052322
-0.16334
-2.6973
0.19117
0.86458
0.025243
0.16344
1.0875
0.2892
0.021884
1.5335
-0.8665
-0.081981
0.95815
-1.674
0.25376
0.55109
-0.88282
0.81185
-0.1213
0.90559
0.71208
1.2904
-0.49506
0.42979
0.29283
0.21831
0.57375
-0.52172
0.65282
0.24657
0.61736
-0.80225
-0.21122
0.9581
0.22024
0.10879
0.021442
-0.92765
-0.12724
1.0925
0.69648
0.41365
-1.1789
0.18994
-1.7027
-1.6984
-0.76323
-0.081657
0.85148
0.65119
-1.727
0.55561
1.4957
-0.20139
1.5564
0.77238
-0.22833
0.6668
0.31686
-1.1127
1.662
1.1559
-1.3529
-1.3915
-0.92764
-1.0119
1.6446
0.67188
0.45634
0.61706
0.19066
-0.12553
0.79149
-0.95744
0.50356
0.091952
1.5635
0.61846
0.6922
0.23077
1.3171
0.75642
0.52662
-0.47246
-0.85643
1.1857
1.5602
-0.82546
0.11241
-2.1928
-0.22404
-0.4768
-0.85187
0.30288
0.42455
0.28552
0.0015896
0.66451
0.30221
0.94408
1.4947
-1.7045
0.30868
0.62417
-0.98234
-1.7578
1.8528
-1.398
0.14904
-0.48344
0.13096
-0.38173
0.19394
-0.098615
0.3418
0.94291
1.0748
-0.81837
0.43996
1.397
1.2883
-0.22166
0.74183
-1.2201
-1.9487
1.0131
0.34073
0.92107
0.15882
-1.9505
0.54747
0.1561
-0.27185
0.157
1.2487
-0.55146
0.62877
1.2781
1.1023
0.60332
1.4015
-0.6488
0.44841
-1.4402
0.63474
0.37597
1.1824
1.4027
-0.50959
-0.35413
-1.8925
-0.25985
0.43512
-0.56294
0.15244
-0.727
0.2902
0.70976
1.2818
-1.7424
0.20993
0.39683
-2.0964
0.43349
1.5844
-0.89783
0.58649
1.3791
1.1226
0.48605
-0.17642
-0.47743
0.077568
0.1454
0.47503
1.5588
0.17792
0.88203
-0.16362
1.0252
-0.26157
-0.2889
1.5537
-0.54454
0.96967
0.79362
-0.73744
0.25553
1.4372
1.1442
0.24536
0.059135
-0.1723
1.2305
1.373
0.073598
-0.12695
1.123
-1.5999
-2.1331
-1.4168
0.22478
1.5113
0.36074
0.27173
0.70956
0.072223
-2.4826
1.1958
-0.15732
0.8298
0.51711
0.68842
2.1868
1.3509
0.8976
0.65077
0.86312
1.4
-1.8999
-0.22097
1.3391
0.74044
0.17964
1.2973
0.46541
0.6676
0.70478
0.93844
-0.36384
0.94209
1.2576
0.62237
0.74395
-0.16426
1.6275
1.2292
-0.22411
0.3331
0.50037
0.48589
-0.61647
0.63971
-1.0274
0.48839
0.2245
-1.1648
-2.2113
1.3245
0.41345
0.92564
1.3718
0.30339
0.55801
0.64272
-1.9314
0.57634
-0.58286
-0.75829
1.663
0.60997
-0.099054
-0.15017
-0.72387
0.34393
-0.39237
1.4196
-2.3818
0.97632
-1.5772
0.98155
-0.65201
1.6128
0.92888
0.62278
-0.9531
1.3266
0.42848
0.65456
0.65062
0.85325
-1.3496
-1.9585
-2.8342
2.1028
-0.36901
-0.49882
0.71518
0.57593
-0.16885
0.5217
-1.6308
-0.76219
0.94937
0.21381
-0.72957
0.094813
-0.60422
0.43435
0.7461
-2.2607
1.404
2.3276
0.062322
0.54649
-1.3368
0.53956
0.23025
-0.14367
-2.1975
-0.43422
-0.13242
0.49891
-1.4523
1.5181
-1.0253
-2.6899
-0.54012
2.1252
-0.83441
0.74527
-1.1279
0.78124
-1.5083
-1.1948
-0.61856
1.2375
0.49127
1.1732
0.011863
1.5252
0.35156
0.25359
-2.0967
0.79471
-0.071337
1.5692
-1.2053
-1.273
0.32359
-0.76676
-0.41281
0.62844
0.65365
-1.4027
1.2613
2.1542
1.3788
-0.37407
0.3039
-0.68405
-0.33359
0.050846
0.63278
-0.003576
-2.0897
0.60378
-0.041943
-0.07611
-0.77827
0.48056
0.086296
-1.9959
0.49253
2.3346
-0.5576
1.1779
-0.67163
-0.21735
1.6908
-0.064941
-0.6461
2.2147
-0.14245
1.1883
0.887
-0.29613
1.518
-0.97944
0.63471
2.2319
0.54006
-1.8102
-1.5155
1.0108
0.1024
0.4299
0.17176
1.1211
-0.67457
1.2348
0.19354
0.84315
-0.19144
1.2781
-0.63974
-0.08216
1.3962
0.77115
0.61764
0.6486
0.41487
-2.4496
0.28186
1.9238
-2.2607
-0.30198
0.54785
-0.83978
0.17492
-0.46212
-0.20445
-1.3138
-2.176
0.15063
0.23923
0.99592
-1.092
0.094401
-1.9132
-0.35569
1.3184
-2.0357
-0.26027
1.6805
1.1337
-0.61879
-1.7692
-0.67447
-1.1789
0.67852
-2.118
-0.51297
0.72684
-0.30684
0.1359
0.41709
0.87658
-0.24053
0.31203
-0.28902
1.0906
-2.724
1.5441
1.795
-0.78808
-1.2282
0.38018
-0.73538
-0.11447
-1.3604
-1.4577
-0.8445
0.84147
-0.082493
0.99853
0.85557
1.4414
0.1011
-2.2505
-0.43056
0.38189
-1.1078
-1.4581
-1.5013
-0.49232
0.3533
-0.15664
-0.79971
-0.52902
0.74729
0.90368
-0.39344
0.30519
0.32673
0.082243
-1.5304
0.48197
2.0725
-0.40812
-1.2727
0.31376
-0.72575
0.63481
-0.14392
0.89768
-2.1169
0.059626
1.8033
0.77053
-1.187
-1.0143
1.6837
-0.56259
-0.33583
1.8684
-0.96871
-1.8836
-0.052607
0.92654
-1.2924
0.87636
-0.77554
-0.63897
-1.9595
0.83928
0.92059
0.48254
-0.89942
0.27827
1.53
0.26784
-0.22284
0.38212
-0.096171
0.92866
-0.76358
0.059427
-2.6462
0.59883
-1.029
0.17648
-0.78576
0.73524
0.34867
0.38456
-0.49772
1.0012
0.157
1.1923
-1.1526
-0.54402
-1.239
0.24997
2.0074
-1.5022
1.3227
1.4852
-0.22396
1.2022
0.18582
0.67611
0.062434
-0.47701
-1.6483
0.52778
-0.62355
2.0162
-1.915
0.31688
-2.1297
-1.0276
-0.33557
1.3845
0.071413
0.69884
-0.57706
1.0022
-2.1296
-0.62318
-0.41629
1.1207
-0.037495
0.62831
1.6437
0.57553
0.91286
-2.1875
0.32339
0.56651
-0.42324
-0.75768
-0.33622
-1.0167
0.38833
-0.016491
-1.801
0.72997
0.15167
1.7977
0.4122
0.89979
-1.7538
0.08781
-2.6287
0.2886
0.38316
0.98394
-0.30967
0.68529
-0.74996
0.43126
-1.0501
0.21089
-0.42548
0.25753
1.6627
0.77229
1.8259
-0.43589
0.38176
-1.0785
-3.0484
-0.42987
-0.044078
0.35325
-0.89256
0.81605
-0.16726
-1.6034
-1.9477
-0.88062
1.3826
-1.2299
-0.60546
0.16933
1.785
0.50492
-0.57157
0.33285
1.9719
-0.97243
-0.76983
-1.0895
1.7031
0.58347
1.1138
0.19871
0.84501
0.30115
0.12839
-0.29022
0.43175
-0.035708
1.4716
0.86258
0.024754
0.028507
0.67962
0.12246
0.3092
1.2806
-1.4082
-1.3366
1.8558
-1.4104
0.23748
1.0743
-0.56632
0.19117
0.30256
0.80269
0.57229
0.70524
0.8275
0.19477
0.62873
-1.2528
-1.1251
1.3892
1.3147
0.53393
0.25238
0.86374
-0.32144
-0.77039
-0.15022
0.35914
0.55103
-0.81436
-0.92986
0.94203
-0.023128
-0.65331
0.21934
0.50496
0.94605
-0.16936
-2.2154
-0.71987
1.465
0.89523
0.34761
-2.3482
-0.16551
0.37864
0.012822
0.46416
0.4254
-0.53713
0.94194
0.38599
0.27849
0.26177
1.3031
1.1945
0.59127
0.066507
0.54033
-0.045928
1.0137
-0.34776
-0.0020528
1.2405
-1.8467
-1.5836
1.5499
0.9675
0.18474
-1.3075
1.5252
-0.019238
0.26897
0.70081
-0.097334
0.21466
0.63073
1.1073
0.13503
0.28308
1.0214
-0.49636
-0.73835
-0.50516
-1.1414
0.034973
-0.092234
1.0774
0.14805
-0.10353
-0.015705
-0.19271
0.45557
0.71751
0.70913
-0.57336
0.29258
0.97762
1.4072
0.3153
0.61703
1.0561
0.7495
-2.996
-0.12693
-0.30165
1.7875
0.47989
1.4814
-0.87312
-0.65281
-0.018044
-0.019023
-0.38985
1.3566
-0.033215
-0.35417
0.63654
0.25708
-0.3864
0.80799
0.021357
1.1291
0.99084
0.18152
1.4273
0.16606
0.73523
-1.2709
0.11959
-1.6691
1.6616
0.11868
0.99019
0.69265
0.16408
-0.34621
0.097936
0.24776
-1.014
0.57985
0.37651
0.56926
-0.2451
-0.75131
0.23517
0.39271
-0.71761
-0.34664
0.53769
-0.025157
1.5748
1.338
0.61518
0.66765
1.6414
0.35765
1.549
1.3558
0.57691
0.58802
-0.74628
0.1351
-0.79828
-0.74988
0.43636
0.064049
0.029191
-0.70416
-0.42348
-0.90276
-1.6669
0.68167
0.35994
0.84313
-1.6894
0.37889
-0.49889
0.34204
-0.03
1.2271
-0.023231
0.075575
1.0221
0.33261
1.4452
-1.4959
-0.26904
0.59298
-1.4687
0.46181
0.1267
0.41816
0.38195
-0.86632
0.1185
-0.34809
0.36438
-0.20608
0.26031
0.33474
0.3023
-0.0466
-1.0237
0.045959
1.3015
-1.0477
-1.6666
0.78041
0.49552
1.2361
0.43178
-1.181
-0.062301
0.44199
0.51752
0.65467
0.63054
-0.067906
0.41923
-3.0265
0.31379
1.6955
0.45708
0.21766
-0.26324
0.56366
0.75515
1.3347
-0.84336
0.30998
-0.45758
0.52931
0.16319
0.88168
0.26463
0.82748
-0.76544
1.1922
-0.45041
-1.5436
-0.79883
1.9122
-0.54175
-0.45378
-2.4344
0.50476
-0.60629
0.43175
0.24568
0.7696
-0.56963
0.084827
-0.71681
0.38223
-0.66337
0.74761
0.8013
0.97539
0.041241
-2.7628
-0.79075
1.7695
0.57737
-0.22232
0.32725
0.57749
0.051333
-0.27342
0.16936
0.43978
-0.91397
1.0887
1.7473
0.1353
0.89918
1.7908
1.1864
1.3609
-2.1312
0.40651
1.0668
0.89535
-1.1799
0.8621
0.75969
0.11719
1.4907
-2.5285
0.20036
0.42417
-0.21905
1.1744
-0.17763
1.3528
-0.17674
1.3351
-0.68909
-1.9424
0.031318
-2.3912
0.16351
1.8392
1.1062
0.44253
0.84971
0.81007
1.2782
-1.1109
-0.47113
0.91413
-0.4102
-0.82406
-3.1457
0.94678
-0.019527
0.11675
1.2094
0.096726
0.22847
1.3178
-0.17552
1.3289
0.049601
1.822
1.2511
0.87566
-0.029896
1.0889
0.71429
0.20588
1.2011
-0.59639
0.27049
1.4681
0.34985
1.9802
0.47387
0.23679
0.010883
0.92639
0.23349
0.66593
0.80427
0.69844
0.098399
1.5615
0.3246
-0.20943
-0.64176
0.34055
0.29762
0.60204
-2.646
1.2888
-1.6791
0.46346
-1.3452
-2.5773
0.39321
0.39309
1.3795
1.1164
-1.2715
1.7542
2.0921
1.855
0.55892
0.49265
-0.62462
-0.34137
1.2014
1.6928
0.4572
0.6317
-0.34906
0.95434
-0.77223
0.28977
1.5863
-0.95445
-0.18644
-0.099781
0.61269
-0.75169
-0.26351
1.4491
1.0204
-0.32091
-0.26052
0.4515
0.53346
0.041915
-0.26105
0.99407
-1.6316
-0.36655
-1.1577
-0.40827
-1.0612
0.75755
0.42865
1.0831
0.34141
0.95547
-0.19412
0.98238
0.22864
0.40371
0.84133
1.7309
0.67774
1.2218
-2.0056
-0.90498
-0.42352
1.3055
-0.66852
1.1684
-0.27438
1.3074
-0.16858
1.7559
0.35166
1.4069
-0.55686
0.53473
0.77615
0.72281
0.58046
-1.2948
-0.84237
0.04776
0.057335
0.73337
-0.59246
1.0997
0.024219
-0.96824
-0.22601
0.83991
1.1282
-1.98
1.5679
0.043128
0.50137
0.6604
-1.0715
0.90919
-0.19254
0.80546
0.58275
-0.31092
-2.2101
0.89866
-0.022952
-1.1416
0.89096
-3.1286
-0.13712
0.48622
-0.45171
-0.1621
-0.071304
0.28009
-1.8436
-1.3806
-0.55071
-1.9375
-0.016878
-0.37787
0.72544
-0.78268
-0.063013
1.4007
-1.6591
0.56515
-0.56712
0.25653
0.42625
-1.0872
0.12642
1.6489
-0.57662
-1.4595
-0.38447
1.3303
-0.58152
-0.40029
1.2027
2.119
-1.8909
0.044718
0.72757
0.40849
0.84105
1.9686
1.1557
0.8437
-2.7464
1.4776
0.056271
0.61602
0.55714
-0.1323
0.56634
0.36603
-0.70512
1.9738
0.73687
-1.2081
-1.4739
0.58029
-0.47129
-1.0761
0.4374
-2.7524
0.76586
2.0893
0.95126
0.56395
0.77953
-0.26967
0.6832
0.23354
0.58052
-1.1181
0.43789
0.73611
0.68707
-2.2444
1.2298
1.7461
-1.0926
-0.022377
-0.70279
-0.098754
0.12265
-0.039769
0.11512
-0.96255
0.75584
1.093
0.55814
-1.9148
0.956
1.5376
0.18114
-0.54765
0.088013
-0.66583
0.90565
0.72875
-0.81352
0.45511
-1.002
-0.17018
-0.283
0.36974
0.78399
-1.3354
0.68597
0.83368
0.30038
0.51732
1.1321
1.1925
-0.29298
-2.6188
1.2335
0.40838
0.39732
-2.5862
1.6602
1.6923
-0.2892
-0.38845
0.37164
1.3607
0.26255
0.38236
0.4881
1.6293
-0.086563
-0.35503
1.6111
-0.23694
1.0117
0.02545
0.019423
1.2389
1.2586
0.13514
-1.3558
-0.12027
1.4424
1.6217
-0.1128
0.94397
0.57066
-0.46098
1.0269
0.35259
-0.58926
-0.23659
0.75998
0.45797
1.2753
-0.46896
0.12446
-0.070225
-2.1914
-1.3364
1.2363
1.1
1.1354
1.0721
1.3295
-0.51749
0.24981
-1.2376
-0.51911
-0.42141
0.32025
-0.49548
-0.17972
-3.2211
1.4482
-0.31252
1.2047
-1.4279
0.14181
-0.77195
-0.54439
-0.49779
-0.65695
0.43183
0.94196
1.2327
1.0132
0.10005
-1.041
0.42822
1.3117
1.6275
1.388
0.69402
-1.3073
-0.42558
0.23611
-1.118
0.32594
-1.1041
1.4002
1.148
0.5731
-2.9782
-0.087196
0.083674
-0.30025
0.15962
-2.3978
0.38907
0.1113
1.1464
-0.33957
0.49116
1.0594
1.524
-0.90802
-2.1311
-0.49449
0.38752
0.37385
0.61191
1.4716
-0.098115
0.2356
-0.95946
-1.1362
-0.81992
0.5534
-1.1883
0.49242
0.60357
0.55006
1.349
0.76912
1.5703
0.54753
0.24667
0.87273
-0.60276
0.97235
0.20074
-0.023041
-1.0917
0.5055
-0.025239
0.68895
-0.89928
1.1502
-0.46278
-0.39413
0.19484
-0.38413
-2.3489
1.018
-1.6567
-0.99512
0.035759
1.1595
-0.70084
0.16822
1.6853
0.29054
-0.14674
1.2927
1.3978
0.40072
-2.6917
-0.36653
0.892
0.1547
-0.39315
0.92113
1.3019
-0.033722
-0.58796
0.48527
1.5036
0.72869
0.58823
0.47455
-0.016271
-0.06405
1.8644
0.83551
0.53246
-0.76687
0.77391
-0.2927
-0.64479
-1.2011
0.1043
0.7137
0.55682
1.2684
1.1837
-1.0861
1.0304
1.4769
1.1236
-0.06618
-2.0171
-1.2756
2.1963
-2.4857
-0.41459
-1.166
0.0034887
0.88034
0.48549
0.28535
-0.39482
0.76461
0.8441
1.2049
0.73489
-2.1073
1.726
0.89392
0.73384
0.22237
-2.9124
-0.96681
1.9175
-0.85266
0.38421
-0.64494
0.021923
0.78275
-0.56882
0.95621
0.15514
-0.29868
0.82435
-0.26683
0.576
0.98728
0.52332
1.4067
0.48569
-2.6497
0.95975
-0.99665
-0.17533
1.4151
-0.79472
1.3796
-0.84448
1.519
0.022879
0.34014
0.86951
1.2308
0.38005
-0.31928
1.0236
0.70283
1.4275
0.74151
-0.19827
0.2062
0.53472
-0.14506
0.9653
0.1558
-0.5963
0.2106
-0.3619
0.17723
1.1713
1.0257
0.89307
-0.45386
1.5169
-1.0463
0.74538
-0.42467
0.64872
0.13374
0.22277
0.15918
2.1788
-0.33593
0.67915
0.18335
1.3108
0.3209
-0.28341
0.054671
-1.4594
1.0653
1.8722
0.099442
1.2283
-0.83839
-1.0813
-0.5886
0.79104
1.6963
1.2812
0.85793
0.16747
0.23094
0.58095
1.2654
0.26356
-0.96654
0.3072
-2.2609
0.44835
-1.1608
0.9448
0.43367
-0.23162
-2.3449
-2.2024
0.60582
1.1896
1.8049
1.4549
-0.037621
0.099417
-0.1731
0.93825
0.97119
2.014
1.1403
0.73501
-0.51615
0.45435
1.3165
2.1035
0.8397
-0.44076
-0.62655
-0.74621
0.37098
-1.4368
-0.47734
-1.9773
-0.12397
0.21089
-1.5072
1.7977
0.32719
0.50038
-1.8779
0.58067
-2.2249
1.3944
1.0842
-0.87218
0.053575
0.53403
0.56811
1.3175
-0.010077
0.41957
0.29833
-0.18812
-0.063141
-0.67253
-0.64103
0.37319
0.8347
1.4117
0.34401
0.17903
-0.013393
1.2462
-0.68225
0.21158
0.2242
0.80675
-0.20721
0.32752
-0.095481
0.36316
-0.87615
-0.091535
-1.2381
0.2085
0.79979
0.45228
0.10678
0.9425
-1.3751
-0.21015
0.69003
0.55632
1.5386
-0.099406
1.0671
-0.23577
1.0337
1.7062
0.87858
0.7124
0.6827
1.0982
-1.9267
0.078218
-0.70459
0.54901
1.0146
-0.50306
0.017346
-0.38809
0.98212
0.4711
0.92623
-0.51391
-2.326
-0.55425
0.73592
1.0902
-1.0812
0.071787
-1.1536
2.0054
-0.093743
0.70953
0.20482
1.9737
0.58433
1.0476
0.68457
-2.4348
-0.095003
1.4675
0.57527
0.95814
0.59757
-0.17228
-0.33369
0.9352
1.9459
1.0931
0.12547
0.63491
1.2885
0.81201
0.45308
1.5928
0.91957
-0.76457
0.52674
1.4753
-2.0243
-0.18101
1.0677
1.3182
0.033512
-0.067539
0.66411
0.89025
0.6121
0.35925
-1.0693
0.61117
-1.754
0.74849
1.1762
-1.2913
-0.30549
1.6128
-0.8342
0.21701
-0.028246
1.0973
-1.0968
0.38659
-1.3887
1.0469
-1.5458
1.1821
-1.4289
-0.54931
1.3396
1.6458
-0.99497
1.4132
-1.0312
-1.5829
1.9076
0.75001
-0.25737
0.67542
0.3318
1.6509
0.5757
-1.8507
1.4027
1.2026
1.6158
0.74971
-0.23889
0.84476
-1.508
1.2861
0.29836
-2.2461
-0.65438
1.7078
-0.03617
1.2526
-1.7991
0.80935
1.9765
0.94594
-0.74705
0.81198
-0.60065
0.38418
-0.24719
-0.065863
1.0246
0.72136
0.98557
1.6983
1.8765
0.51761
-0.79627
1.7813
0.39236
-0.76659
-0.38413
0.16826
0.49453
0.95649
-0.10279
0.94778
-1.1462
1.775
-0.75437
-0.16452
-0.86307
1.076
-0.15589
0.79095
-2.0707
-0.26236
-0.21458
0.20678
0.23696
0.79658
-0.77068
-1.4396
0.83626
1.6409
-0.06453
0.77602
1.5002
0.89731
-1.241
1.3874
-0.06145
1.5412
0.57001
1.3252
-1.0303
-0.89448
1.2193
1.711
-1.1275
1.7149
-0.52488
0.75711
0.71356
-1.298
0.19501
0.59303
0.5811
1.5537
-0.0080524
1.1226
-0.26005
1.2084
-0.24723
0.55572
-1.6044
0.63632
-0.66879
-0.029023
0.18634
1.1023
0.72551
-0.72961
0.82104
1.3631
0.52692
0.27592
-0.59319
0.57234
-0.61999
1.1604
-0.34424
0.5245
-0.1021
0.41179
-0.11657
1.6011
0.050806
1.207
0.11214
1.2368
0.57028
0.77604
0.50119
1.0626
1.1015
0.96191
0.42089
0.83623
1.5503
-1.8781
-0.63348
1.4369
0.80443
0.37141
-0.14338
1.2799
0.52818
0.62229
0.70752
0.82475
0.44248
1.1219
-0.9507
1.4075
-0.22334
1.684
-2.62
1.0968
0.73798
1.05
0.16054
0.74774
0.23041
1.4078
-2.2584
0.87576
0.21348
0.59953
-2.4416
1.4327
1.0849
1.2958
-0.56641
0.071052
0.057196
1.4952
0.68738
1.0725
1.6341
1.2113
0.52408
0.79106
0.33923
0.30031
0.032085
1.6925
0.3222
1.4778
0.99671
-0.62377
-1.4799
1.6507
-0.51288
0.90475
-0.32238
0.89938
0.48211
1.1611
-0.026337
-0.78259
-0.14257
-1.767
-1.4101
1.6062
-1.7733
0.64959
0.061637
0.4697
-0.36814
0.47122
-0.40313
0.021196
0.062933
1.1127
0.16894
0.40683
0.10071
-2.2392
0.93134
1.4223
0.36052
0.46861
0.99587
1.1739
-0.23616
1.0416
0.31476
0.41038
0.48744
1.6762
-0.025012
-0.28994
-1.3378
1.4345
-0.30005
1.2732
1.0856
1.3506
0.46708
0.87674
-0.27977
0.010374
0.25514
-0.43436
-2.6037
1.3374
0.087262
0.82714
0.61283
0.31456
0.37062
0.38369
0.14748
0.68694
0.39724
-0.92234
-2.6814
0.69543
-2.1312
1.165
-0.57714
-0.1958
-2.6514
0.871
0.25765
1.4635
-0.49053
1.695
1.131
0.92201
-1.9486
0.59077
0.59586
1.3955
-0.32052
0.52286
-0.26668
1.4157
1.8658
0.4664
-0.89573
0.76806
1.0861
0.25035
-0.96517
0.6313
-0.20963
-1.0268
0.37187
0.33628
0.84613
1.5816
0.4374
1.3757
-0.79891
0.47957
-0.43208
0.078554
-1.8807
0.78566
1.0625
1.0376
-0.8243
0.15613
0.42933
1.4008
0.61915
1.6408
-0.29241
0.71668
0.37515
1.4676
-1.9621
1.0367
-0.033735
1.0836
-0.27405
1.0402
0.9209
0.9477
-0.34238
-0.12758
0.13782
0.93417
-2.1186
0.35682
-1.0164
1.5918
0.13489
0.85912
-1.6617
1.3995
-0.46788
1.412
1.1273
1.7851
-0.025056
0.26997
-0.97359
0.94619
-0.96599
1.3921
-0.5661
-0.30972
0.59405
-0.41256
0.0056577
1.4447
-0.019902
1.3728
0.23465
1.4361
0.26437
1.2673
1.0355
-1.7582
-0.69573
1.3874
-2.0252
1.8499
-0.090035
0.98931
0.53072
1.4375
1.4687
0.92296
-0.86402
-0.34366
-0.12929
0.89408
0.32601
0.3155
0.030704
0.46745
-0.80527
1.0232
-0.89076
1.0991
0.94691
0.6531
-0.44602
0.12462
-0.096458
-1.9363
-1.7702
1.867
0.58567
-0.93168
0.75705
0.56513
-0.90803
-1.1635
1.607
0.88278
0.63928
-0.042415
-0.30865
0.47804
0.98497
0.86833
-0.94593
2.0097
1.0143
-2.1608
0.83058
1.9871
-0.97067
-0.98874
0.18221
0.82133
