0.43323
0.63635
0.66596
0.39112
0.42518
0.63339
0.42651
0.71069
0.68564
0.19094
0.63306
0.31005
0.55239
0.61275
0.45977
0.42899
0.53023
0.4662
0.45471
0.61807
0.53119
0.47529
0.447
0.52251
0.37605
0.48135
0.58725
0.42728
0.34647
0.48778
0.67534
0.56421
0.54913
0.64092
0.58577
0.54095
0.56592
0.5713
0.43773
0.46086
0.59875
0.21459
0.3359
0.53393
0.36638
0.45731
0.42347
0.52376
0.45937
0.69749
0.43467
0.67708
0.66238
0.32512
0.52359
0.48501
0.5535
0.54092
0.41527
0.43973
0.41325
0.50267
0.41668
0.33671
0.42715
0.7242
0.62283
0.57074
0.6647
0.41949
0.468
0.6585
0.52518
0.22258
0.36361
0.43956
0.76075
0.55984
0.32851
0.70623
0.4757
0.16549
0.53314
0.51142
0.68723
0.41272
0.5563
0.30387
0.43842
0.63222
0.40453
0.51836
0.47759
0.4905
0.32383
0.50103
0.5236
0.43528
0.49226
0.50044
0.64194
0.34018
0.36701
0.3116
0.60042
0.48033
0.61204
0.74041
0.50407
0.5829
0.42746
0.63431
0.40009
0.36698
0.29705
0.42161
0.42501
0.19344
0.40352
0.69325
0.41293
0.5953
0.43719
0.54245
0.49053
0.51063
0.51973
0.64494
0.51746
0.39507
0.49976
0.47859
0.70646
0.29366
0.33722
0.70984
0.67268
0.63371
0.47369
0.71756
0.61125
0.54846
0.54775
0.36086
0.45415
0.17472
0.37786
0.35824
0.40097
0.51687
0.44665
0.71978
0.44765
0.72276
0.43933
0.37137
0.61899
0.54675
0.64832
0.64853
0.51693
0.40953
0.42116
0.58976
0.45075
0.52394
0.39407
0.29287
0.57086
0.42289
0.71069
0.59329
0.4322
0.39488
0.56325
0.60969
0.43113
0.46577
0.51636
0.61842
0.63663
0.4185
0.52886
0.89958
0.75419
0.57303
0.67715
0.52742
0.58252
0.56277
0.2029
0.5059
0.4792
0.49265
0.52219
0.44634
0.58647
0.51288
0.6343
0.40211
0.29379
0.55168
0.43688
0.65563
0.67875
0.41918
0.62118
0.40193
0.51959
0.45519
0.41797
0.40656
0.53171
0.39959
0.57515
0.74464
0.55783
0.59744
0.52325
0.35436
0.54125
0.6059
0.3066
0.66559
0.74046
0.38082
0.42627
0.60353
0.46411
0.32068
0.77244
0.27009
0.47614
0.54839
0.43008
0.48435
0.44492
0.50643
0.79024
0.5164
0.24544
0.5438
0.64413
0.51229
0.28139
0.54641
0.49057
0.66389
0.43674
0.65279
0.43867
0.52445
0.53851
0.30982
0.39711
0.33693
0.64864
0.30304
0.45965
0.44615
0.71542
0.51863
0.58176
0.50879
0.49609
0.53404
0.53026
0.67879
0.42466
0.48732
0.40357
0.82751
0.7937
0.32187
0.52042
0.50981
0.098182
0.38906
0.62091
0.42451
0.4293
0.71722
0.56044
0.42118
0.60745
0.57441
0.53696
0.53018
0.4447
0.56747
0.63758
0.5283
0.70248
0.58247
0.65936
0.58301
0.19484
0.52531
0.52384
0.71395
0.5737
0.58412
0.45064
0.48943
0.44741
0.46902
0.44585
0.48598
0.46615
0.47948
0.54496
0.71557
0.24782
0.61188
0.57276
0.65695
0.4771
0.80497
0.35094
0.58595
0.36177
0.58994
0.18697
0.30877
0.31149
0.30634
0.29689
0.41702
0.68087
0.5892
0.46046
0.72507
0.58546
0.7167
0.47983
0.42024
0.67286
0.60299
0.52645
0.73056
0.54843
0.4625
0.24437
0.38029
0.63524
0.54244
0.4808
0.42231
0.34593
0.48644
0.66363
0.39564
0.61285
0.12317
0.48209
0.53768
0.43846
0.59369
0.55267
0.29855
0.59212
0.6164
0.57787
0.56255
0.50761
0.61955
0.54265
0.43543
0.89352
0.48197
0.53782
0.49563
0.65647
0.26126
0.455
0.72807
0.38682
0.59007
0.29241
0.51683
0.55725
0.61227
0.64631
0.56873
0.60935
0.36696
0.96109
0.51683
0.23388
0.57536
0.39737
0.32443
0.4745
0.368
0.4841
0.35313
0.52438
0.54382
0.52706
0.52482
0.36178
0.45238
0.54281
0.45242
0.57223
0.30089
0.46577
0.80349
0.61975
0.48043
0.37889
0.27308
0.68459
0.58212
0.40897
0.4553
0.49656
0.4093
0.58683
0.61237
0.5587
0.86141
0.45365
0.73468
0.46861
0.51441
0.41437
0.42747
0.65579
0.58078
0.55341
0.8583
0.39228
0.4562
0.54373
0.47909
0.62693
0.47128
0.50513
0.38212
0.29508
0.3082
0.57036
0.66397
0.60457
0.39353
0.46036
0.26358
0.572
0.51066
0.50503
0.74828
0.70811
0.63318
0.57012
0.31889
0.51467
0.58738
0.61835
0.51941
0.64489
0.55129
0.21912
0.4257
0.46059
0.46384
0.57807
0.57371
0.45612
0.46347
0.46348
0.56264
0.58778
0.52471
0.56425
0.43817
0.45054
0.33031
0.61633
0.42226
0.23402
0.40354
0.44092
0.34039
0.46707
0.54547
0.50613
0.27399
0.6119
0.55856
0.50834
0.29058
0.37546
0.61148
0.58022
0.72853
0.28962
0.57206
0.61529
0.49334
0.52187
0.46399
0.74682
0.50406
0.51616
0.69857
0.26992
0.2815
0.66737
0.45028
0.42467
0.43442
0.45518
0.4604
0.52913
0.60655
0.48806
0.6004
0.33802
0.41446
0.49796
0.27783
0.5578
0.66773
0.52962
0.84037
0.60564
0.65052
0.43151
0.59183
0.25052
0.5008
0.74615
0.39659
0.48651
0.55519
0.53863
0.49151
0.6785
0.46472
0.65041
0.7068
0.51017
0.74168
0.5407
0.41615
0.43165
0.43403
0.46429
0.55446
0.54334
0.2002
0.44788
0.55164
0.26339
0.87728
0.63729
0.57223
0.42267
0.44261
0.54295
0.63304
0.42572
0.44281
0.30898
0.66159
0.30119
0.40513
0.65285
0.60431
0.5484
0.48282
0.40841
0.30105
0.34415
0.81015
0.55444
0.34756
0.60113
0.29223
0.40487
0.53543
0.44194
0.33267
0.31644
0.56638
0.5506
0.36561
0.33068
0.45246
0.32049
0.50867
0.63842
0.45871
0.48239
0.27618
0.55921
0.2809
0.43179
0.5563
0.58752
0.36511
0.58436
0.32171
0.32164
0
0.59171
0.46904
0.56689
0.64512
0.58349
0.60329
0.63628
0.54053
0.42765
0.36302
0.29286
0.38922
0.57353
0.65895
0.22698
0.84147
0.33971
0.57941
0.51691
0.51191
0.63782
0.75916
0.48556
0.488
0.58138
0.5113
0.48632
0.84447
0.59145
0.5528
0.5161
0.61647
0.37806
0.16533
0.42235
0.57091
0.7248
0.4946
0.12409
0.62768
0.3576
0.43309
0.58338
0.49303
0.32102
0.45837
0.42121
0.64705
0.32374
0.377
0.43722
0.43876
0.72925
0.12518
0.46229
0.49578
0.5977
0.66148
0.59978
0.26698
0.26361
0.36413
0.37423
0.54881
0.5028
0.56617
0.34842
0.32425
0.68
0.63765
0.44078
0.56074
0.45915
0.62147
0.2853
0.42679
0.40973
0.075153
0.48158
0.49708
0.46806
0.34554
0.50371
0.34652
0.59851
0.58183
0.41714
0.55178
0.3395
0.6265
0.40578
0.44476
0.57581
0.44003
0.52066
0.53156
0.67009
0.44472
0.59447
0.73301
0.65876
0.44542
0.43224
0.4222
0.48608
0.39954
0.47004
0.44459
0.6324
0.66051
0.55141
0.43449
0.40424
0.45627
0.51801
0.44374
0.51365
0.28565
0.64381
0.50071
0.55767
0.56117
0.26962
0.54832
0.39166
0.61325
0.34463
0.51342
0.67845
0.25581
0.7485
0.46551
0.53335
0.33924
0.57871
0.2569
0.60606
0.35386
0.54002
0.49146
0.35187
0.6726
0.44499
0.6267
0.38488
0.56986
0.58649
0.46708
0.46308
0.66521
0.37569
0.54712
0.61996
0.41407
0.4291
0.46064
0.20698
0.1641
0.49617
0.61695
0.31496
0.60298
0.57419
0.20424
0.3765
0.6267
0.35857
0.58107
0.23127
0.32279
0.60983
0.38697
0.38346
0.67266
0.54977
0.48333
0.86671
0.90362
0.41157
0.47639
0.37187
0.69089
0.5682
0.8198
0.43852
0.59554
0.31094
0.62787
0.47734
0.51853
0.5163
0.081732
0.75816
0.5144
0.37255
0.59415
0.64459
0.36008
0.42385
0.47835
0.63164
0.52052
0.47298
0.62144
0.26918
0.43217
0.3535
0.39786
0.47032
0.41652
0.5742
0.23248
0.38127
0.56702
0.70856
0.56296
0.62821
0.42858
0.56643
0.31914
0.5937
0.55554
0.36165
0.68506
0.4014
0.42756
0.49739
0.59949
0.53825
0.39845
0.44013
0.73945
0.54189
0.35835
0.39127
0.7106
0.56121
0.62389
0.51947
0.52608
0.32741
0.47708
0.56468
0.56558
0.41764
0.51069
0.60558
0.52338
0.51141
0.75358
0.48337
0.179
0.47401
0.57831
0.22402
0.35642
0.47889
0.34
0.65397
0.71273
0.64458
0.45403
0.63823
0.45438
0.3668
0.58271
0.56783
0.22043
0.57842
0.50564
0.47035
0.51208
0.50931
0.69665
0.49507
0.4597
0.43413
0.55096
0.71599
0.58217
0.61055
0.57473
0.56054
0.60588
0.70651
0.68697
0.54543
0.24595
0.48443
0.44994
0.47464
0.58408
0.58798
0.46698
0.38241
0.42555
0.50754
0.41942
0.47557
0.70683
0.54533
0.36589
0.52104
0.56914
0.52173
0.53361
0.4794
0.5569
0.37143
0.65659
0.36978
0.47427
0.65281
0.27502
0.78853
0.64711
0.50558
0.37321
0.29323
0.50773
0.35796
0.51938
0.45767
0.4808
0.45012
0.4124
0.65206
0.66913
0.52485
0.69241
0.65756
0.50021
0.5342
0.65082
0.61841
0.51908
0.67964
0.40208
0.42966
0.36556
0.58839
0.60159
0.46522
0.36156
0.53672
0.45222
0.52089
0.2357
0.43089
0.53691
0.51315
0.34034
0.69435
0.75638
0.53596
0.40464
0.58683
0.26443
0.27579
0.57632
0.37115
0.33546
0.47065
0.31897
0.28869
0.44861
0.34103
0.49099
0.61682
0.49738
0.37896
0.53818
0.66887
0.45247
0.3941
0.40699
0.59043
0.78033
0.7287
0.59593
0.41861
0.46322
0.308
0.54036
0.61563
0.63206
0.29566
0.34148
0.43294
0.26032
0.44771
0.39458
0.5214
0.42514
0.77951
0.54946
0.45845
0.64492
0.4283
0.56291
0.51608
0.46917
0.47751
0.53415
0.58541
0.53129
0.87895
0.37706
0.36867
0.46578
0.55978
0.58791
0.60349
0.48841
0.64419
0.51721
0.63
0.36219
0.49515
0.35989
0.43431
0.57483
0.58635
0.43021
0.69201
0.47616
0.49501
0.68904
0.34457
0.46077
0.58344
0.35281
0.35331
0.53774
0.60018
0.46376
0.15082
0.43782
0.61364
0.48064
0.38965
0.41878
0.40966
0.60383
0.54982
0.58147
0.52807
0.37563
0.45879
0.36985
0.48753
0.3502
0.62192
0.60595
0.61776
0.52285
0.65785
0.34602
0.57882
0.59685
0.42714
0.69171
0.56173
0.39911
0.63668
0.49178
0.63307
0.58039
0.58264
0.7286
0.3433
0.63168
0.52396
0.42712
0.60256
0.37827
0.17729
0.60448
0.54429
0.2474
0.26549
0.45187
0.74599
0.33681
0.31783
0.43853
0.38973
0.70023
0.66072
0.56412
0.52588
0.55965
0.61377
0.68661
0.50501
0.47497
0.73455
0.37261
0.49819
0.6651
0.68036
0.50125
0.76723
0.70398
0.70165
0.67012
0.60398
0.3139
0.36692
0.38803
0.65147
0.60025
0.46399
0.44996
0.6536
0.42731
0.35348
0.6832
0.74586
0.38713
0.29943
0.8356
0.35545
0.52296
0.32238
0.56689
0.5116
0.70931
0.53379
0.68317
0.57595
0.47678
0.49279
0.55478
0.53062
0.4184
0.6304
0.39264
0.58032
0.48269
0.56374
0.65229
0.58232
0.49014
0.42703
0.39468
0.42753
0.38672
0.45636
0.61924
0.77883
0.6467
0.49796
0.30238
0.32746
0.60463
0.39047
0.77673
0.52005
0.55597
0.4035
0.69519
0.40949
0.49093
0.4056
0.45786
0.4499
0.49488
0.4312
0.4807
0.49197
0.46574
0.28481
0.53194
0.48876
0.67159
0.42005
0.28367
0.54518
0.43596
0.65655
0.58131
0.49099
0.49788
0.37255
0.37674
0.23341
0.36179
0.051301
0.4639
0.35052
0.20204
0.46571
0.55521
0.18661
0.61694
0.5786
0.52453
0.34227
0.58604
0.40747
0.57573
0.59926
0.4506
0.38523
0.51132
0.52312
0.52939
0.63557
0.52969
0.37255
0.50647
0.39979
0.37011
0.48803
0.46087
0.60319
0.43018
0.44073
0.38629
0.45835
0.4688
0.37209
0.49988
0.33661
0.41063
0.57072
0.55847
0.81301
0.50189
0.52956
0.62733
0.64646
0.91228
0.51283
0.47248
0.18052
0.75952
0.76937
0.58657
0.4945
0.4204
0.63977
0.40416
0.54031
0.55788
0.43128
0.53639
0.54796
0.51794
0.76253
0.62188
0.71903
0.82915
0.5414
0.2659
0.63612
0.69023
0.44579
0.62419
0.55829
0.47193
0.77408
0.5416
0.59965
0.49713
0.60771
0.42799
0.50428
0.36749
0.6752
0.46926
0.42822
0.60777
0.3816
0.4878
0.44698
0.58196
0.61001
0.49011
0.45572
0.54295
0.70831
0.66499
0.66917
0.61012
0.43344
0.5359
0.23329
0.59377
0.7831
0.43797
0.31627
0.62826
0.59762
0.44423
0.53888
0.44729
0.36237
0.75032
0.68874
0.40947
0.42733
0.53336
0.5059
0.62084
0.37656
0.65701
0.59998
0.57179
0.62067
0.57617
0.77966
0.32193
0.3717
0.58626
0.46411
0.47586
0.81381
0.68502
0.35531
0.56125
0.41784
0.61834
0.48257
0.30759
0.71047
0.54705
0.51851
0.30883
0.63264
0.49955
0.53085
0.46899
0.22819
0.42956
0.54354
0.26942
0.59871
0.18438
0.6843
0.31234
0.70409
0.4016
0.49555
0.28261
0.42402
0.43675
0.72117
0.48758
0.61488
0.53184
0.31489
0.53701
0.67992
0.32529
0.47348
0.56514
0.61884
0.49311
0.38216
0.52068
0.63996
0.56926
0.43103
0.49483
0.30297
0.23192
0.57656
0.2696
0.66127
0.36976
0.77425
0.13263
0.26501
0.39696
0.52916
0.54216
0.23959
0.2126
0.4284
0.50878
0.37739
0.51212
0.54862
0.69927
0.8929
0.46893
0.57295
0.79799
0.54438
0.37814
0.31237
0.3751
0.75054
0.56861
0.52604
0.41158
0.3704
0.15095
0.56265
0.35487
0.31631
0.61841
0.44856
0.56279
0.68727
0.52482
0.45381
0.43642
0.56692
0.52665
0.53807
0.28281
0.41458
0.63225
0.39972
0.396
0.50491
0.41229
0.51932
0.42707
0.42318
0.46681
0.51833
0.40133
0.34907
0.66189
0.7712
0.46757
0.51789
0.43404
0.28119
0.62839
0.41016
0.55945
0.62419
0.61285
0.49451
0.28098
0.45114
0.41125
0.65588
0.64813
0.67357
0.65256
0.70901
0.49163
0.49643
0.55157
0.46953
0.67489
0.30023
0.33705
0.4604
0.43084
0.62866
0.3931
0.4325
0.66379
0.32911
0.36469
0.53026
0.58936
0.46147
0.47187
0.38006
0.34478
0.68293
0.58827
0.49475
0.47403
0.47558
0.8666
0.46772
0.65405
0.4423
0.30106
0.71101
0.51096
0.38299
0.73063
0.38096
0.54473
0.59649
0.61825
0.6267
0.5251
0.68242
0.67674
0.40278
0.35889
0.49398
0.29
0.25926
0.58127
0.4691
0.30694
0.5167
0.40933
0.76674
0.4615
0.29071
0.54641
0.46468
0.4143
0.73332
0.80827
0.57047
0.62698
0.69548
0.42874
0.55374
0.2343
0.36886
0.38879
0.2169
0.43081
0.55189
0.52015
0.51694
0.51762
0.51851
0.61937
0.39311
0.54053
0.53585
0.51588
0.61974
0.62165
0.60201
0.32539
0.24225
0.58807
0.41481
0.40465
0.55643
0.35822
0.44845
0.56154
0.4611
0.56306
0.72366
0.38074
0.35546
0.37072
0.20629
0.53889
0.64624
0.44672
0.39647
0.35767
0.47524
0.37715
0.71248
0.51019
0.58998
0.55807
0.4777
0.43192
0.32049
0.37481
0.73531
0.37392
0.71778
0.51624
0.44389
0.68676
0.4864
0.61026
0.48751
0.45331
0.53733
0.59926
0.66635
0.62445
0.56647
0.46319
0.3914
0.60391
0.69841
0.25737
0.66253
0.39546
0.60022
0.64668
0.48178
0.57513
0.58779
0.60866
0.72448
0.68865
0.39323
0.65034
0.44681
0.53676
0.53671
0.55344
0.33905
0.45178
0.47601
0.50999
0.5964
0.7359
0.68657
0.40949
0.54023
0.33801
0.5148
0.1464
0.67848
0.64805
0.37877
0.32672
0.4316
0.4129
0.49137
0.51187
0.67761
0.49427
0.66098
0.47297
0.4865
0.57694
0.41047
0.62373
0.34326
0.58229
0.40866
0.56245
0.61086
0.4081
0.73281
0.58466
0.50208
0.63211
0.38959
0.6537
0.42437
0.74035
0.62904
0.39117
0.31903
0.30812
0.39053
0.3869
0.59757
0.45642
0.30998
0.50065
0.35313
0.4355
0.55933
0.29708
0.54907
0.36799
0.42157
0.61847
0.49854
0.49527
0.35189
0.55604
0.53243
0.64374
0.48506
0.50119
0.46152
0.46287
0.42318
0.61658
0.40078
0.56439
0.66273
0.61477
0.3708
0.44548
0.55422
0.21307
0.64844
0.61638
0.47018
0.54605
0.46171
0.55201
0.37485
0.48364
0.58558
0.34587
0.30476
0.70496
0.62386
0.29222
0.52052
0.22605
0.66071
0.23627
0.69718
0.66468
0.41381
0.653
0.4085
0.48129
0.68985
0.52215
0.43145
0.5261
0.39336
0.49273
0.35121
0.66148
0.32094
0.59969
0.25507
0.36787
0.40164
0.41668
0.38575
0.16419
0.39585
0.31427
0.64413
0.3306
0.66314
0.39444
0.52694
0.356
0.4726
0.73255
0.60878
0.6238
0.46243
0.57079
0.58871
0.46626
0.46706
0.59759
0.59686
0.52612
0.51257
0.36067
0.58164
0.60289
0.48248
0.45413
0.3299
0.61385
0.54985
0.62297
0.36148
0.60275
0.66326
0.74401
0.60551
0.29165
0.54325
0.36243
0.61721
0.43564
0.69372
0.58508
0.57484
0.7455
0.67892
0.2005
0.6769
0.58635
0.417
0.40115
0.60968
0.64086
0.48272
0.50165
0.52344
0.5252
0.50288
0.42009
0.50136
0.58158
0.43172
0.5327
0.5777
0.63282
0.7905
0.56012
0.65314
0.41832
0.69233
0.32788
0.35943
0.71772
0.35495
0.51191
0.42875
0.42142
0.68502
0.53639
0.54152
0.57437
0.27749
0.22501
0.58511
0.52131
0.4517
0.59824
0.3787
0.62344
0.53855
0.38009
0.48861
0.63813
0.39227
0.41624
0.59864
0.55837
0.52913
0.53526
0.56573
0.4994
0.34056
0.03372
0.39028
0.26334
0.645
0.22938
0.44884
0.63356
0.32645
0.35319
0.32581
0.75842
0.37159
0.53241
0.32346
0.24306
0.39853
0.53067
0.6299
0.6182
0.55073
0.25449
0.4346
0.56383
0.4076
0.81628
0.67272
0.34336
0.42842
0.31553
0.42913
0.4201
0.51078
0.38641
0.74615
0.41414
0.66387
0.29651
0.60654
0.61888
0.61448
0.43593
0.5294
0.50446
0.67073
0.29825
0.58346
0.42988
0.66971
0.42274
0.35818
0.33646
0.2467
0.42737
0.59521
0.38819
0.61817
0.54804
0.46336
0.38863
0.77646
0.7099
0.58887
0.69768
0.4384
0.29523
0.42994
0.72682
0.65924
0.53772
0.55455
0.56978
0.55553
0.34713
0.3357
0.5674
0.25897
0.773
0.56364
0.51334
0.76201
0.39236
0.52608
0.60619
0.60294
0.43721
0.40361
0.32477
0.30025
0.45056
0.45424
0.75696
0.52902
0.49765
0.30784
0.28505
0.41692
0.37779
0.47346
0.63108
0.69366
0.62485
0.67323
0.31191
0.52355
0.52489
0.46162
0.37658
0.62652
0.41567
0.7206
0.46137
0.38125
0.6349
0.33545
0.4479
0.88358
0.46073
0.44621
0.82123
0.30054
0.40624
0.50385
0.4326
0.41219
0.63135
0.75694
0.45544
0.4866
0.35925
0.38183
0.55354
0.67294
0.50671
0.56871
0.65031
0.45765
0.48285
0.67921
0.21212
0.2397
0.39992
0.16026
0.54433
0.40626
0.6721
0.55009
0.48625
0.70258
0.55607
0.42742
0.44214
0.50502
0.46079
0.53901
0.63081
0.66266
0.63238
0.51589
0.22925
0.38362
0.64048
0.5322
0.52879
0.43015
0.54353
0.48044
0.27177
0.32141
0.6186
0.60193
0.26928
0.40584
0.27411
0.58124
0.39086
0.6662
0.67342
0.6972
0.31232
0.41255
0.7105
0.31973
0.39484
0.090778
0.60085
0.57805
0.41963
0.55953
0.39405
0.24692
0.61958
0.64344
0.47455
0.43529
0.47911
0.51599
0.56308
0.48581
0.63897
0.48214
0.5557
0.41197
0.73816
0.59262
0.52815
0.57666
0.56455
0.633
0.40325
0.57748
0.42333
0.35721
0.32194
0.42443
0.29491
0.62026
0.36425
0.4463
0.40968
0.29549
0.42105
0.64766
0.45183
0.35707
0.6932
0.54731
0.44511
0.50434
0.28584
0.61868
0.40876
0.7642
0.30487
0.58123
0.45024
0.53573
0.30795
0.58034
0.53624
0.57628
0.68917
0.57363
0.38312
0.39866
0.29636
0.47913
0.56505
0.44693
0.66133
0.41381
0.27635
0.53515
0.61006
0.46374
0.68671
0.43741
0.68381
0.42919
0.47459
0.75109
0.34139
0.62055
0.19459
0.60631
0.48727
0.37324
0.36479
0.49844
0.64746
0.63056
0.51737
0.45097
0.59514
0.47345
0.73814
0.24676
0.37818
0.62161
0.71727
0.39129
0.39983
0.56989
0.73245
0.36431
0.68268
0.44176
0.49883
0.30944
0.44255
0.4985
0.63881
0.54321
0.52786
0.38135
0.56044
0.49408
0.42908
0.62519
0.50233
0.49149
0.36642
0.60025
0.674
0.62912
0.45674
0.52459
0.36152
0.53131
0.52472
0.48846
0.43767
0.55016
0.56988
0.5518
0.50441
0.77299
0.48683
0.40702
0.47886
0.61106
0.77706
0.68145
0.65914
0.63385
0.67833
0.65632
0.38582
0.34892
0.41146
0.67251
0.68853
0.41754
0.61413
0.39671
0.4373
0.47993
0.64781
0.45705
0.41275
0.34426
0.84384
0.46151
0.52357
0.72614
0.36881
0.64741
0.47111
0.56413
0.50612
0.55083
0.47071
0.61193
0.57162
0.42507
0.5982
0.44875
0.51233
0.47438
0.58072
0.44207
0.45946
0.51645
0.50264
0.49924
0.74195
0.54959
0.78313
0.61616
0.69894
0.52671
0.38341
0.55724
0.70723
0.028591
0.43811
0.58043
0.56257
0.32515
0.51635
0.85561
0.65858
0.30586
0.47734
0.65073
0.66294
0.60105
0.3752
0.40678
0.59988
0.33027
0.58738
0.41078
0.64762
0.47689
0.48478
0.44699
0.29185
0.37739
0.59909
0.47418
0.43777
0.22178
0.79729
0.52182
0.55553
0.63552
0.59231
0.33844
0.35262
0.577
0.23173
0.50776
0.46688
0.76697
0.26997
0.3784
0.29029
0.47253
0.37544
0.64727
0.30577
0.39981
0.66179
0.62246
0.27368
0.66727
0.51172
0.50014
0.42101
0.42878
0.39742
0.36644
0.51485
0.91248
0.56277
0.60513
0.58664
0.74695
0.54674
0.54115
0.4723
0.64646
0.62198
0.4124
0.49073
0.46024
0.57386
0.36482
0.46581
0.49206
0.72877
0.52519
0.31566
0.58985
0.63093
0.51759
0.6084
0.61409
0.82318
0.42975
0.54159
0.47095
0.79253
0.59849
0.61736
0.51689
0.57552
0.69027
0.37724
0.68519
0.57879
0.41873
0.43387
0.61241
0.59145
0.48581
0.8604
0.49084
0.40092
0.74628
0.56611
0.39566
0.41914
0.38759
0.6946
0.64165
0.45021
0.43612
0.53775
0.67631
0.53018
0.37432
0.43134
0.55433
0.62312
0.43391
0.57475
0.55087
0.45622
0.67013
0.61525
0.45333
0.63391
0.54984
0.39335
0.50449
0.46505
0.6206
0.84958
0.54874
0.45511
0.47846
0.60406
0.35916
0.42586
0.3691
0.55975
0.58701
0.54419
0.52203
0.63417
0.48272
0.49196
0.62371
0.69458
0.70262
0.67974
0.4305
0.27882
0.53986
0.22001
0.42557
0.58343
0.35398
0.49843
0.53906
0.62786
0.67888
0.3966
0.68452
0.29106
0.2175
0.59175
0.26127
0.34363
0.53516
0.49276
0.485
0.4038
0.73985
0.24989
0.44395
0.51834
0.39809
0.47677
0.23911
0.41643
0.4002
0.80952
0.46497
0.41605
0.49223
0.46884
0.6943
0.58758
0.49688
0.39987
0.67647
0.56502
0.54926
0.57425
0.56288
0.61956
0.92408
0.39029
0.30891
0.39765
0.42018
0.45065
0.41275
0.55348
0.51443
0.62195
0.35421
0.52251
0.43734
0.49079
0.4601
0.61595
0.39289
0.60601
0.28726
0.65002
0.72033
0.79239
0.57055
0.49301
0.57545
0.50551
0.63869
0.53488
0.69112
0.64903
0.50885
0.51582
0.7091
0.45538
0.5849
0.43978
0.43441
0.52858
0.53999
0.55675
0.49519
0.39132
0.7954
0.465
0.44212
0.61706
0.49102
0.30929
0.67065
0.45359
0.4595
0.53287
0.41117
0.58916
0.62168
0.53274
0.5402
0.51414
0.62956
0.54286
0.4416
0.69661
0.57389
0.50491
0.55296
0.4819
0.43582
0.26799
0.42225
0.29367
0.081877
0.65447
0.63118
0.37582
0.63779
0.49486
0.46817
0.63935
0.58228
0.63797
0.57575
0.4235
0.5881
0.51439
0.75141
0.44467
0.44121
0.42943
0.59073
0.6356
0.87539
0.33598
0.38492
0.28986
0.40917
0.58208
0.42265
0.63407
0.40004
0.61186
0.47801
0.28248
0.59503
0.63479
0.70444
0.25409
0.3168
0.59551
0.63521
0.5184
0.3333
0.52509
0.58027
0.57468
0.52865
0.50844
0.71877
0.53035
0.45129
0.65669
0.47077
0.42348
0.55472
0.31335
0.35171
0.53756
0.39015
0.3627
0.46167
0.64349
0.56522
0.66042
0.46905
0.36298
0.68097
0.54555
0.4939
0.49116
0.24383
0.37837
0.45302
0.40153
0.502
0.43892
0.72156
0.83962
0.72484
0.57267
0.48734
0.48576
0.6336
0.28222
0.49201
0.46009
0.44143
0.51303
0.85994
0.48057
0.62599
0.4704
0.46126
0.37004
0.44066
0.46724
0.57069
0.45165
0.65969
0.46388
0.53849
0.45938
0.4207
0.41704
0.63329
0.5171
0.59499
0.42669
0.32849
0.26387
0.5438
0.77852
0.48362
0.53873
0.55764
0.76503
0.61428
0.52692
0.69217
0.68268
0.53497
0.83891
0.22973
0.52604
0.58141
0.40293
0.47827
0.35868
0.44923
0.51288
0.35773
0.39619
0.31169
0.62562
0.66015
0.47321
0.22699
0.58333
0.47066
0.46813
0.71427
0.45703
0.37169
0.60474
0.55838
0.48953
0.53339
0.34426
0.45829
0.69325
0.81068
0.50795
0.66712
0.44589
0.5469
0.53017
0.40518
0.58561
0.38396
0.65726
0.45561
0.6229
0.46686
0.3988
0.14824
0.5448
0.73602
0.43409
0.57689
0.52027
0.5864
0.29934
0.50336
0.38454
0.56687
0.49293
0.64086
0.4254
0.58017
0.69265
0.40288
0.47592
0.48677
0.61933
0.4909
0.64775
0.5085
0.46142
0.52538
0.43158
0.51205
0.59211
0.55893
0.64432
0.53506
0.48253
0.77769
0.70371
0.29918
0.47539
0.28477
0.53923
0.86763
0.47278
0.46489
0.42092
0.31352
0.75402
0.62006
0.41149
0.63124
0.66603
0.40028
0.6036
0.32658
0.47166
0.40707
0.51727
0.76974
0.63436
0.22252
0.59283
0.45433
0.39935
0.46822
0.54652
0.55957
0.51486
0.51741
0.49181
0.61364
0.54947
0.52117
0.24711
0.60266
0.47513
0.61074
0.62625
0.45027
0.46884
0.40967
0.25309
0.50129
0.59137
0.52027
0.29811
0.31135
0.52421
0.63622
0.5233
0.38099
0.20874
0.41598
0.38344
0.5184
0.55637
0.26426
0.32449
0.45537
0.5294
0.4066
0.58196
0.6056
0.65269
0.54438
0.43822
0.48825
0.52088
0.7043
0.80092
0.508
0.70064
0.4314
0.62369
0.66898
0.64622
0.44669
0.67121
0.51557
0.46034
0.33482
0.49018
0.56873
0.5862
0.54191
0.64283
0.43925
0.61215
0.55927
0.46727
0.63848
0.59063
0.16511
0.5891
0.34533
0.45858
0.29959
0.35665
0.44801
0.63962
0.50913
0.35646
0.36831
0.50918
0.3417
0.61612
0.38164
0.60666
0.24404
0.39141
0.63907
0.58952
0.32127
0.53056
0.46269
0.5788
0.59949
0.43375
0.61535
0.40149
0.51446
0.27479
0.51613
0.54485
0.58631
0.53596
0.5844
0.60671
0.51963
0.50168
0.76932
0.72775
0.50942
0.23654
0.37202
0.35829
0.47587
0.49683
0.64893
0.45446
0.51069
0.48107
0.68785
0.61308
0.40897
0.54961
0.42582
0.45536
0.46392
0.56236
0.48763
0.6076
0.45756
0.52364
0.28818
0.69393
0.2923
0.62195
0.46539
0.37944
0.55786
0.64067
0.5959
0.43614
0.33459
0.3333
0.53024
0.40273
0.60728
0.31379
0.26515
0.46915
0.719
0.66372
0.52404
0.49951
0.37422
0.48765
0.42974
0.47487
0.49529
0.47304
0.53231
0.43526
0.47566
0.58182
0.5041
0.5644
0.26696
0.58571
0.3133
0.57958
0.49977
0.39752
0.37673
0.40859
0.70269
0.607
0.2608
0.21201
0.6503
0.53566
0.58626
0.33425
0.54911
0.34007
0.5123
0.64121
0.37067
0.83267
0.31314
0.65498
0.47329
0.52129
0.39722
0.59953
0.51698
0.64865
0.79649
0.54119
0.41654
0.36161
0.35726
0.51117
0.55505
0.37562
0.59945
0.44189
0.48285
0.61381
0.71735
0.52485
0.47671
0.31811
0.62271
0.48934
0.57154
0.39376
0.30233
0.26599
0.67989
0.55778
0.44797
0.64131
0.54117
0.26058
0.65277
0.61956
0.22896
0.42109
0.40881
0.39635
0.50467
0.41539
0.46628
0.56084
0.30473
0.59044
0.3678
0.43262
0.65117
0.61206
0.52829
0.37225
0.78407
0.68207
0.55491
0.38335
0.79398
0.49532
0.43033
0.71231
0.48081
0.27553
0.41916
0.45431
0.6125
0.39741
0.46072
0.5122
0.23799
0.47413
0.34937
0.74876
0.58211
0.47572
0.46858
0.54616
0.39375
0.2925
0.51452
0.39699
0.28525
0.51753
0.52393
0.38906
0.45645
0.572
0.64834
0.43095
0.6451
0.54946
0.32461
0.41177
0.58653
0.50936
0.53104
0.29645
0.28112
0.38599
0.48453
0.55998
0.43326
0.41745
0.39284
0.25921
0.39615
0.39567
0.75281
0.3988
0.53233
0.57464
0.66375
0.50805
0.61742
0.57148
0.57035
0.51118
0.31323
0.68445
0.65223
0.54655
0.53616
0.37909
0.50333
0.35323
0.63833
0.36441
0.36963
0.50665
0.34862
0.44584
0.729
0.42689
0.70521
0.50078
0.45248
0.69784
0.3782
0.35687
0.57301
0.65996
0.56233
0.58152
0.35243
0.42733
0.68231
0.32624
0.36741
0.70756
0.21873
0.48406
0.59415
0.28703
0.64715
0.55666
0.58808
0.35044
0.48327
0.33561
0.56871
0.37632
0.49435
0.75026
0.25473
0.4085
0.43386
0.59681
0.74384
0.84002
0.63126
0.35489
0.44283
0.48514
0.53125
0.54981
0.42328
0.60007
0.51139
0.59143
0.68271
0.41556
0.41039
0.42604
0.46242
0.48601
0.66486
0.67477
0.45646
0.5531
0.4582
0.63086
0.41236
0.55098
0.49124
0.3309
0.46453
0.75828
0.85527
0.69357
0.27639
0.57596
0.65745
0.683
0.26318
0.55534
0.2862
0.40348
0.70016
0.35764
0.20518
0.33417
0.38055
0.3946
0.49148
0.55539
0.52612
0.21528
0.55525
0.58953
0.63272
0.46424
0.42576
0.61684
0.56112
0.24317
0.63169
0.62822
0.75747
0.53205
0.61405
0.62694
0.60945
0.39523
0.68869
0.5382
0.45862
0.39396
0.6706
0.31503
0.57767
0.43778
0.34641
0.43414
0.50734
0.50745
0.27362
0.40795
0.40019
0.63043
0.4774
0.726
0.44584
0.40552
0.40772
0.52594
0.5303
0.61478
0.26594
0.49333
0.56687
0.31987
0.32704
0.5612
0.57081
0.5998
0.42365
0.59933
0.53516
0.70176
0.33119
0.55383
0.46457
0.53658
0.47801
0.2792
0.53052
0.20957
0.54726
0.32844
0.5407
0.64477
0.73136
0.77682
0.51414
0.43999
0.55522
0.5376
0.60337
0.26843
0.53369
0.699
0.44655
0.7137
0.60249
0.30617
0.48433
0.63695
0.69464
0.57198
0.61142
0.36031
0.46842
0.5895
0.55561
0.030175
0.47266
0.7272
0.48207
0.32896
0.25332
0.45812
0.59981
0.54814
0.73191
0.69702
0.43318
0.53649
0.5582
0.63912
0.64081
0.3995
0.51549
0.51206
0.48714
0.72696
0.69653
0.74873
0.32361
0.44157
0.21333
0.25301
0.58889
0.41186
0.46008
0.42392
0.47136
0.6298
0.33488
0.69147
0.47588
0.63189
0.62804
0.77389
0.56494
0.36934
0.44177
0.51035
0.39289
0.40826
0.51327
0.48737
0.47561
0.42998
0.44793
0.37408
0.5634
0.26175
0.48895
0.43914
0.52031
0.5452
0.74937
0.83904
0.33472
0.52277
0.83279
0.4014
0.57948
0.63658
0.21929
0.45324
0.61644
0.65525
0.63318
0.43099
0.352
0.23915
0.48672
0.45874
0.32906
0.51161
0.70939
0.3924
0.50956
0.28497
0.50602
0.33552
0.56832
0.42291
0.47234
0.65353
0.62589
0.55443
0.56432
0.40155
0.4836
0.54707
0.53599
0.38642
0.42046
0.5272
0.68744
0.50587
0.46639
0.3419
0.51277
0.57585
0.34779
0.41573
0.35676
0.71926
0.39484
0.60813
0.53986
0.56465
0.5154
0.53509
0.39217
0.69315
0.57717
0.4379
0.72688
0.28605
0.62224
0.39365
0.32145
0.73431
0.4966
0.51578
0.65392
0.39105
0.74635
0.34507
0.44512
0.71476
0.59881
0.52887
0.52831
0.32429
0.71732
0.67646
0.57296
0.6935
0.3027
0.39343
0.25495
0.38915
0.40248
0.43276
0.52935
0.74696
0.4018
0.45298
0.56632
0.56504
0.22625
0.35258
0.70335
0.5932
0.56293
0.36773
0.15698
0.58832
0.6517
0.55844
0.80421
0.82884
0.40711
0.48516
0.5883
0.54364
0.37858
0.54375
0.44779
0.39036
0.54467
0.5785
0.58061
0.49274
0.47273
0.38301
0.49978
0.68468
0.58202
0.49297
0.19559
0.56829
0.38426
0.42219
0.55603
0.47497
0.7107
0.44742
0.62805
0.46877
0.37138
0.32541
0.71887
0.53711
0.62943
0.38097
0.75481
0.60603
0.4555
0.22676
0.561
0.58364
0.56438
0.39557
0.57278
0.63927
0.48894
0.50069
0.65619
0.43045
0.66338
0.51206
0.43928
0.823
0.57696
0.26505
0.54643
0.61067
0.62462
0.63687
0.54813
0.66063
0.47929
0.39595
0.66517
0.5687
0.57441
0.51991
0.74881
0.41308
0.44308
0.64365
0.64952
0.2227
0.51474
0.45356
0.68264
0.47695
0.43021
0.58935
0.58449
0.43757
0.58295
0.41545
0.58419
0.4655
0.22057
0.36709
0.21492
0.5837
0.46674
0.49037
0.55648
0.27414
0.32325
0.37639
0.47243
0.60678
0.39947
0.6721
0.35559
0.41795
0.78451
0.49744
0.54556
0.49976
0.47978
0.51467
0.4798
0.474
0.67848
0.56038
0.49427
0.54162
0.41216
0.56852
0.69594
0.57885
0.47036
0.31112
0.46564
0.62437
0.34765
0.5173
0.37811
0.42206
0.42332
0.56427
0.37154
0.4965
0.46505
0.39952
0.48267
0.4948
0.396
0.55167
0.64638
0.65375
0.6429
0.42593
0.56932
0.61588
0.35871
0.55961
0.52569
0.78181
0.46074
0.52929
0.3184
0.51981
0.8409
0.66458
0.27583
0.45181
0.55205
0.31421
0.38638
0.48071
0.67973
0.32756
0.58853
0.60539
0.5742
0.33526
0.1597
0.63288
0.52977
0.5442
0.80016
0.37804
0.4447
0.49919
0.27203
0.51943
0.73666
0.51695
0.36085
0.47279
0.48242
0.46409
0.38636
0.68205
0.52429
0.71004
0.29226
0.41005
0.38203
0.34687
0.6489
0.48501
0.54805
0.15846
0.61435
0.67257
0.48516
0.49041
0.61874
0.63308
0.41709
0.75472
0.63956
0.49673
0.53581
0.79935
0.51341
0.29528
0.60177
0.71376
0.54916
0.60764
0.68302
0.56779
0.40886
0.3756
0.59462
0.61689
0.43891
0.62558
0.56937
0.40674
0.52894
0.35037
0.4185
0.55664
0.37547
0.32407
0.47177
0.74463
0.13923
0.7166
0.68879
0.79495
0.43995
0.49689
0.86705
0.50917
0.25251
0.3339
0.45781
0.50459
0.53665
0.45129
0.4496
0.40561
0.34173
0.40504
0.60532
0.48276
0.47039
0.68431
0.47827
0.39832
0.50398
0.43887
0.36483
0.52033
0.79885
0.50023
0.4615
0.35204
0.46744
0.45738
0.58063
0.33482
0.78661
0.40053
0.43442
0.64166
0.53403
0.4939
0.59431
0.71622
0.5683
0.5701
0.50206
0.48353
0.41538
0.53747
0.21612
0.7266
0.45941
0.35535
0.51517
0.49894
0.78801
0.48614
0.3377
0.53136
0.56683
0.56548
0.44464
0.57794
0.31146
0.36422
0.56757
0.48303
0.58027
0.47717
0.3119
0.55475
0.67228
0.56148
0.67626
0.64758
0.57185
0.4821
0.66623
0.067899
0.42959
0.45302
0.44519
0.29966
0.37616
0.92788
0.5359
0.5167
0.51416
0.68213
0.28011
0.3772
0.39333
0.70444
0.50802
0.46353
0.75591
0.34103
0.46783
0.47065
0.40978
0.53993
0.30578
0.37036
0.6873
0.51575
0.37865
0.64659
0.45467
0.46654
0.57112
0.30709
0.69838
0.54485
0.8905
0.53378
0.56816
0.47724
0.55463
0.69495
0.3147
0.59585
0.70076
0.40631
0.59518
0.44705
0.419
0.54774
0.60739
0.53333
0.3817
0.37111
0.61712
0.45614
0.59521
0.71588
0.34529
0.47124
0.3908
0.33969
0.53629
0.5106
0.31889
0.56281
0.55025
0.54434
0.81753
0.41422
0.43585
0.4854
0.55918
0.52031
0.65988
0.63303
0.66647
0.66727
0.47918
0.58715
0.43696
0.43891
0.36925
0.64991
0.1909
0.35906
0.79408
0.31963
0.45653
0.68783
0.49237
0.4045
0.59529
0.48248
0.78072
0.42071
0.44615
0.59851
0.5077
0.7121
0.77808
0.50304
0.49431
0.1297
0.54794
0.4039
0.3535
0.55027
0.43292
0.41648
0.32227
0.73693
0.71485
0.28642
0.35345
0.31301
0.43268
0.51128
0.56043
0.54363
0.32469
0.51371
0.43131
0.61998
0.66507
0.69193
0.26846
0.33707
0.43516
0.53201
0.44338
0.77886
0.35949
0.61738
0.16808
0.48691
0.52929
0.5935
0.44208
0.70732
0.45412
0.70124
0.31521
0.57911
0.58922
0.51889
0.38125
0.492
0.30114
0.39203
0.52331
0.68871
0.34799
0.29279
0.64959
0.56966
0.39629
0.61272
0.50048
0.48129
0.42137
0.56911
0.22429
0.48927
0.46421
0.64146
0.38253
0.33753
0.57441
0.53607
0.44913
0.51939
0.26106
0.56514
0.56924
0.32359
0.51221
0.51428
0.38579
0.46943
0.50136
0.36575
0.26023
0.65732
0.46786
0.55204
0.62207
0.32989
0.29925
0.36362
0.40334
0.57161
0.38621
0.51501
0.73793
0.56815
0.61375
0.52678
0.64964
0.51123
0.49926
0.60749
0.636
0.2725
0.54722
0.35811
0.58052
0.455
0.31692
0.54358
0.68084
0.37745
0.64293
0.68366
0.51048
0.53123
0.39453
0.60413
0.39405
0.29751
0.55842
0.28126
0.58584
0.91609
0.38705
0.51036
0.57257
0.63223
0.37451
0.37645
0.60383
0.47078
0.38765
0.34532
0.4128
0.41006
0.79637
0.51424
0.50161
0.50274
0.39997
0.56689
0.24693
0.15808
0.59602
0.71569
0.5067
0.57162
0.3843
0.6067
0.53244
0.28793
0.32204
0.48642
0.51823
0.1927
0.58022
0.51693
0.47093
0.61676
0.59768
0.5186
0.36953
0.55855
0.50159
0.38525
0.36779
0.48332
0.73365
0.34627
0.66707
0.20695
0.50349
0.81914
0.20804
0.5724
0.67351
0.52157
0.42817
0.5876
0.48385
0.20579
0.59037
0.62933
0.40477
0.59382
0.65488
0.52353
0.48002
0.34574
0.19895
0.63747
0.17852
0.49624
0.43945
0.77961
0.5854
0.47848
0.16136
0.33803
0.51438
0.53381
0.63836
0.51131
0.52401
0.42906
0.53129
0.57466
0.51637
0.39279
0.55286
0.40794
0.40675
0.41501
0.4313
0.26844
0.65388
0.39021
0.25466
0.48047
0.3269
0.7839
0.45292
0.65781
0.52263
0.57072
0.78092
0.48784
0.29189
0.42375
0.47886
0.54237
0.74712
0.31241
0.29995
0.55942
0.61482
0.55917
0.68961
0.35493
0.48564
0.54673
0.53659
0.68853
0.23691
0.46053
0.45067
0.61676
0.17506
0.61776
0.70193
0.63396
0.41988
0.6575
0.42862
0.60498
0.57526
0.31003
0.47776
0.64912
0.58488
0.46332
0.18355
0.46415
0.29199
0.19658
0.33573
0.59348
0.52493
0.49672
0.51433
0.68716
0.57495
0.30757
0.439
0.55691
0.38643
0.53197
0.65038
0.35362
0.62459
0.42374
0.63224
0.44351
0.37893
0.5814
0.41564
0.43032
0.42849
0.55307
0.46525
0.61399
0.79312
0.43952
0.6656
0.33081
0.52726
0.35355
0.43582
0.48819
0.33245
0.35684
0.52967
0.54443
0.51288
0.56919
0.54879
0.34703
0.27003
0.59722
0.33739
0.48928
0.45753
0.55223
0.43613
0.62171
0.19888
0.40828
0.64765
0.42009
0.226
0.59657
0.52104
0.58874
0.56194
0.48104
0.37987
0.59658
0.40843
0.66387
0.61207
0.36603
0.62218
0.45756
0.49934
0.6996
0.34981
0.41225
0.46029
0.49401
0.47407
0.4788
0.51638
0.4991
0.64344
0.56469
0.085499
0.45805
0.67067
0.45326
0.48313
0.2851
0.43006
0.52634
0.93704
0.43287
0.38804
0.37132
0.66602
0.52463
0.71813
0.384
0.68597
0.49126
0.49573
0.41707
0.64155
0.73653
0.51809
0.81826
0.32906
0.36201
0.51692
0.43745
0.4764
0.60386
0.4159
0.4449
0.40651
0.80502
0.49643
0.32864
0.63851
0.6011
0.56364
0.43053
0.8153
0.584
0.81931
0.57499
0.40395
0.51997
0.55494
0.60272
0.16401
0.55509
0.7614
0.42019
0.39558
0.45595
0.41351
0.35754
0.55952
0.55351
0.29413
0.42622
0.57992
0.48415
0.7204
0.4783
0.64018
0.42428
0.523
0.4888
0.49478
0.40744
0.69523
0.66315
0.25618
0.4562
0.46275
0.57529
0.47908
0.35739
0.5739
0.453
0.59829
0.37339
0.23821
0.16246
0.37805
0.5817
0.56779
0.41583
0.62722
0.54788
0.34605
0.63692
0.3399
0.70476
0.38772
0.37999
0.59785
0.43516
0.506
0.2114
0.34568
0.58714
0.29973
0.56005
0.36315
0.46466
0.33867
0.28008
0.53914
0.424
0.56561
0.72268
0.62472
0.62115
0.53034
0.42152
0.11489
0.68003
0.3312
0.54461
0.5873
0.49746
0.22366
0.46206
0.54515
0.4458
0.65107
0.39757
0.80731
0.41118
0.64636
0.75492
0.57051
0.11442
0.34031
0.41502
0.48332
0.66617
0.48349
0.50278
0.60835
0.6599
0.31906
0.52483
0.43189
0.58194
0.52193
0.69182
0.55375
0.48158
0.41
0.8395
0.50163
0.5621
0.4108
0.38411
0.60368
0.3285
0.6699
0.57806
0.060414
0.49403
0.36415
0.49786
0.36922
0.52117
0.68489
0.35975
0.30246
0.49763
0.66964
0.67025
0.60347
0.41284
0.59983
0.25009
0.4632
0.49237
0.61832
0.54474
0.50229
0.3375
0.36076
0.64905
0.33101
0.43557
0.09308
0.65947
0.66424
0.64276
0.64463
0.5168
0.48679
0.57078
0.42329
0.42476
0.76466
0.51805
0.46861
0.35883
0.51861
0.50242
0.25156
0.53622
0.60171
0.67087
0.68669
0.63776
0.19884
0.49021
0.77086
0.59669
0.61859
0.39739
0.45946
0.53859
0.50726
0.52403
0.52811
0.30124
0.53128
0.62591
0.48408
0.44583
0.37893
0.61617
0.43152
0.38697
0.57608
0.54314
0.63345
0.31641
0.40521
0.58707
0.53117
0.47055
0.2868
0.67042
0.56821
0.58286
0.49273
0.69323
0.52782
0.66126
0.42219
0.65521
0.6431
0.49366
0.4108
0.34417
0.57214
0.69164
0.72269
0.69717
0.86011
0.71869
0.52473
0.5668
0.72708
0.50784
0.63261
0.39294
0.61304
0.50399
0.58257
0.37664
0.45919
0.66817
0.58322
0.28635
0.49053
0.52479
0.53113
0.65476
0.57803
0.60305
0.53482
0.54665
0.63344
0.67485
0.24743
0.67972
0.47962
0.49802
0.40679
0.35508
0.63647
0.27223
0.21328
0.67337
0.35952
0.61998
0.65679
0.43214
0.4736
0.51647
0.42193
0.62628
0.4849
0.45182
0.34454
0.49523
0.57922
0.557
0.40154
0.38373
0.69347
0.60416
0.5641
0.49176
0.49135
0.44421
0.59598
0.65778
0.51366
0.35903
0.45781
0.4093
0.47626
0.67677
0.42596
0.76459
0.31639
0.34722
0.71102
0.47884
0.68229
0.44603
0.31395
0.66429
0.44378
0.87224
0.13708
0.431
0.53714
0.67692
0.60947
0.47484
0.51317
0.61957
0.37113
0.44656
0.45419
0.67615
0.55754
0.52853
0.52714
0.32996
0.46362
0.48206
0.44658
0.37749
0.41643
0.35086
0.46524
0.54807
0.51331
0.44055
0.50664
0.4155
0.64356
0.45731
0.33027
0.62127
0.50696
0.42807
0.58388
0.51075
0.42081
0.62152
0.52917
0.49843
0.41876
0.79912
0.59853
0.5433
0.44185
0.46548
0.23542
0.59609
0.67721
0.55983
0.71382
0.54691
0.4507
0.59483
0.51147
0.44216
0.57284
0.30307
0.65829
0.37396
0.37943
0.5949
0.3343
0.47749
0.45649
0.46306
0.38513
0.58636
0.33901
0.68672
0.45892
0.76744
0.45192
0.70248
0.7345
0.44245
0.24012
0.64345
0.42412
0.25857
0.40101
0.60159
0.66009
0.56243
0.30328
0.57296
0.42516
0.68925
0.52443
0.84505
0.70693
0.71602
0.45143
0.32431
0.49536
0.43955
0.50152
0.36825
0.42812
0.56976
0.61444
0.35809
0.63031
0.68784
0.72998
0.2112
0.62286
0.70105
0.63612
0.4242
0.46098
0.57678
0.39638
0.54587
0.43923
0.59147
0.4558
0.35644
0.61426
0.57989
0.67271
0.51188
0.61657
0.63877
0.38785
0.77678
0.59105
0.52186
0.4949
0.50075
0.60272
0.70345
0.53087
0.31118
0.57983
0.45419
0.33321
0.77615
0.34561
0.54233
0.60148
0.60606
0.28583
0.6508
0.38488
0.62923
0.39385
0.36394
0.48999
0.67888
0.45229
0.48837
0.43224
0.7713
0.18965
0.62065
0.24797
0.48704
0.34841
0.53479
0.52787
0.41297
0.58558
0.43453
0.54153
0.35648
0.28779
0.57569
0.35019
0.50036
0.55648
0.62125
0.51296
0.47835
0.58483
0.77944
0.65444
0.38759
0.26557
0.30608
0.53447
0.45934
0.98523
0.53729
0.56529
0.48801
0.39014
0.58664
0.47022
0.61671
0.54
0.61183
0.57895
0.61673
0.68142
0.67817
0.50487
0.58365
0.66341
0.35812
0.36272
0.75494
0.55868
0.40966
0.67611
0.60625
0.47367
0.50814
0.6655
0.36794
0.40281
0.5864
0.25231
0.7334
0.56454
0.40741
0.4766
0.50421
0.31645
0.20622
0.35737
0.33902
0.48354
0.54173
0.5611
0.61847
0.45874
0.38048
0.44485
0.34362
0.62963
0.80443
0.40303
0.62124
0.50617
0.28617
0.48785
0.74919
0.76887
0.36167
0.72499
0.53398
0.65477
0.59815
0.318
0.48109
0.55294
0.47168
0.68068
0.45379
0.51292
0.31045
0.52371
0.36732
0.47663
0.28257
0.64943
0.43676
0.4373
0.41858
0.61596
0.57337
0.29878
0.64238
0.32543
0.24289
0.33515
0.39387
0.52291
0.61427
0.38672
0.54128
0.34269
0.65412
0.65551
0.43335
0.52713
0.48766
0.38034
0.46358
0.67834
0.59972
0.55614
0.59221
0.66399
0.42167
0.51462
0.54358
0.54355
0.38401
0.49919
0.19802
0.59855
0.52917
0.29366
0.46318
0.51278
0.47812
0.49217
0.52123
0.54334
0.51943
0.59391
0.56772
0.53887
0.4206
0.3552
0.52718
0.5268
0.60364
0.55315
0.28907
0.50967
0.43915
0.42499
0.23252
0.5798
0.62757
0.32687
0.40822
0.49197
0.74242
0.4496
0.46777
0.52395
0.47247
0.37235
0.75264
0.63265
0.54505
0.51498
0.43676
0.18559
0.33242
0.39884
0.38133
0.59883
0.63337
0.53348
0.55544
0.28135
0.74195
0.58885
0.4833
0.63025
0.4912
0.58687
0.73615
0.51787
0.33258
0.3611
0.60038
0.52579
0.69123
0.52027
0.37853
0.63058
0.49624
0.34546
0.46744
0.35972
0.73903
0.6899
0.70676
0.64653
0.50471
0.3222
0.41616
0.61271
0.63024
0.79598
0.26683
0.67649
0.3872
0.577
0.39622
0.30466
0.60327
0.4269
0.71154
0.38778
0.38799
0.39628
0.6334
0.53398
0.5444
0.359
0.68124
0.26159
0.41959
0.46047
0.5512
0.62295
0.70487
0.58696
0.41996
0.57219
0.56109
0.49028
0.36528
0.32273
0.57294
0.38557
0.41682
0.39126
0.62837
0.46138
0.69835
0.48865
0.44104
0.39428
0.54801
0.19143
0.48612
0.74108
0.37352
0.44516
0.33884
0.43909
0.88236
0.2854
0.61186
0.57339
0.88601
0.58135
0.58469
0.63164
0.43157
0.32669
0.55508
0.11357
0.53782
0.60642
0.34896
0.27014
0.62538
0.61027
0.67441
0.66237
0.4389
0.48053
0.49194
0.344
0.53497
0.51348
0.59145
0.73673
0.36999
0.5729
0.28353
0.42053
0.69212
0.56345
0.69943
0.67233
0.71636
0.67392
0.29283
0.50119
0.81539
0.38249
0.34887
0.7558
0.37575
0.39455
0.36341
0.51706
0.44563
0.57456
0.4792
0.43144
0.52407
0.35959
0.39751
0.46746
0.34274
0.32989
0.46331
0.57929
0.37398
0.40994
0.5781
0.31048
0.40553
0.49538
0.46752
0.39497
0.52427
0.1887
0.54267
0.50269
0.54418
0.36717
0.69331
0.5493
0.61697
0.55475
0.51446
0.50115
0.55493
0.692
0.66103
0.66267
0.60633
0.65906
0.54566
0.55201
0.57301
0.3625
0.56066
0.54986
0.17168
0.46346
0.38193
0.37451
0.55457
0.47108
0.37705
0.62438
0.42664
0.65964
0.26696
0.34532
0.58376
0.21452
0.38676
0.60838
0.6856
0.40398
0.48275
0.32105
0.5699
0.42548
0.59724
0.46642
0.61218
0.58718
0.85807
0.38705
0.55664
0.70766
0.57588
0.55622
0.31254
0.46118
0.20576
0.36902
0.50368
0.4493
0.47119
0.58792
0.5613
0.50688
0.30954
0.5404
0.38272
0.54474
0.4501
0.60875
0.63028
0.58152
0.67114
0.29016
0.59572
0.60102
0.52244
0.55637
0.43558
0.59474
0.46892
0.72382
0.50498
0.64238
0.46681
0.52885
0.68967
0.48247
0.255
0.81704
0.50289
0.39976
0.71457
0.39657
0.30695
0.41333
0.2312
0.60337
0.55267
0.517
0.48414
0.47447
0.58072
0.58037
0.42315
0.80171
0.70079
0.37381
0.40339
0.56332
0.52409
0.4962
0.46719
0.54726
0.21174
0.50777
0.54091
0.76678
0.4922
0.45721
0.37347
0.43481
0.50985
0.55526
0.39376
0.56059
0.43948
0.60454
0.43927
0.42911
0.4288
0.47191
0.63655
0.27483
0.5736
0.57869
0.55784
0.37782
0.45346
0.47497
0.25683
0.6137
0.53903
0.64603
0.51872
0.63364
0.30567
0.5324
0.44812
0.50062
0.38599
0.49792
0.29111
0.37533
0.35506
0.34514
0.59434
1
0.41682
0.55547
0.42448
0.77847
0.41862
0.623
0.38411
0.29373
0.46913
0.2768
0.6908
0.76272
0.62536
0.55316
0.42811
0.62758
0.51702
0.66379
0.62748
0.40671
0.51689
0.6215
0.44794
0.2422
0.46137
0.6753
0.26615
0.4804
0.42205
0.49672
0.37515
0.40612
0.47875
0.53086
0.63467
0.19638
0.9104
0.65273
0.40644
0.59707
0.55639
0.67948
0.56032
0.40344
0.65337
0.57565
0.5195
0.63469
0.26456
0.4251
0.76168
0.51261
0.49124
0.39657
0.33995
0.52784
0.40027
0.59165
0.46433
0.30557
0.32991
0.27666
0.38656
0.52221
0.60674
0.43039
0.47327
0.45013
0.65
0.6031
0.39495
0.53828
0.73739
0.87155
0.42929
0.59636
0.5551
0.4889
0.42643
0.50763
0.54988
0.50693
0.51118
0.38168
0.36436
0.52556
0.32961
0.59641
0.51995
0.43184
0.3516
0.49077
0.65196
0.48853
0.60992
0.37577
0.6377
0.3161
0.43009
0.37136
0.47651
0.66235
0.46143
0.554
0.44106
0.62414
0.56632
0.4718
0.50661
0.21513
0.57631
0.33047
0.55099
0.37538
0.48082
0.38104
0.45451
0.49989
0.65155
0.73126
0.67254
0.5444
0.52463
0.53535
0.31824
0.45193
0.15637
0.57271
0.52566
0.61594
0.60354
0.64593
0.51869
0.73143
0.357
0.45208
0.48787
0.56088
0.70251
0.80867
0.48349
0.3059
0.41474
0.68741
0.63794
0.57877
0.49822
0.69547
0.50481
0.24249
0.57491
0.62763
0.51064
0.37433
0.66562
0.43531
0.31629
0.36587
0.49021
0.5972
0.36252
0.34865
0.45555
0.29978
0.54763
0.56725
0.6969
0.47089
0.80473
0.32929
0.56739
0.55031
0.53728
0.59487
0.68389
0.50271
0.55911
0.34704
0.65453
0.53751
0.6829
0.49741
0.46554
0.44892
0.35559
0.67644
0.54241
0.60824
0.58088
0.49761
0.43473
0.55173
0.54802
0.23811
0.52173
0.71833
0.29563
0.70891
0.5395
0.45529
0.53901
0.19973
0.45474
0.43325
0.34755
0.3581
0.6088
0.57244
0.4168
0.48444
0.49461
0.56454
0.40674
0.50232
0.68215
0.5043
0.60232
0.42097
0.60276
0.91712
0.28672
0.70079
0.51357
0.66637
0.46735
0.35456
0.44573
0.43757
0.53114
0.48867
0.53391
0.53789
0.62455
0.35354
0.43991
0.47129
0.46316
0.60038
0.49351
0.55604
0.45252
0.43237
0.56152
0.47987
0.549
0.54154
0.54018
0.65523
0.49145
0.56658
0.81234
0.78395
0.44143
0.6292
0.41857
0.66099
0.61872
0.74261
0.6924
0.26329
0.43711
0.53387
0.61937
0.31195
0.50706
0.66235
0.46548
0.60672
0.66304
0.31416
0.53812
0.40852
0.49167
0.45403
0.80394
0.32379
0.36801
0.60333
0.36517
0.48781
0.4554
0.52143
0.64193
0.43106
0.44849
0.69716
0.59048
0.28034
0.53194
0.57663
0.66873
0.53421
0.57938
0.55468
0.57771
0.73172
0.48709
0.40285
0.41086
0.35706
0.51939
0.40524
0.089943
0.39227
0.57904
0.61952
0.43181
0.46906
0.51604
0.42577
0.18694
0.41468
0.6348
0.75864
0.56903
0.23342
0.48192
0.56972
0.39017
0.51319
0.088111
0.41217
0.3489
0.61156
0.2577
0.40056
0.41856
0.61997
0.23315
0.41163
0.29103
0.92865
0.59682
0.87459
0.24438
0.63676
0.3238
0.36974
0.54008
0.4408
0.6275
0.40197
0.7527
0.36467
0.66317
0.72347
0.57943
0.53333
0.63982
0.3445
0.43226
0.62689
0.38548
0.43691
0.89459
0.55485
0.21992
0.44839
0.74292
0.51513
0.437
0.43071
0.48073
0.50421
0.39867
0.54579
0.883
0.46079
0.70062
0.54884
0.43163
0.46476
0.47186
0.52619
0.37498
0.34849
0.5913
0.41449
0.52525
0.61522
0.48285
0.40552
0.78813
0.38942
0.5177
0.53736
0.29354
0.55449
0.69977
0.64144
0.4985
0.55502
0.24754
0.52436
0.45839
0.35158
0.52719
0.50306
0.56804
0.65977
0.74423
0.49064
0.37467
0.66186
0.41339
0.34094
0.62979
0.53883
0.54172
0.46008
0.41793
0.22251
0.44213
0.42684
0.42482
0.78754
0.48655
0.5288
0.52192
0.5467
0.27111
0.76783
0.65681
0.65948
0.38739
0.66894
0.61515
0.38507
0.70397
0.34126
0.47317
0.56032
0.66462
0.4873
0.56114
0.37231
0.52178
0.32224
0.55707
0.33798
0.2395
0.47135
0.69519
0.64479
0.41542
0.42853
0.51254
0.26887
0.42502
0.37302
0.32974
0.44216
0.37638
0.53844
0.53133
0.41561
0.50034
0.38091
0.4195
0.25236
0.83084
0.54711
0.40581
0.31316
0.70211
0.53358
0.61756
0.36192
0.54916
0.42815
0.33378
0.46567
0.49232
0.63217
0.62554
0.77527
0.6404
0.33714
0.65863
0.54786
0.55389
0.64353
0.53177
0.55491
0.35108
0.54597
0.36284
0.29456
0.4387
0.55368
0.58448
0.21405
0.73629
0.60434
0.66462
0.6222
0.46609
0.3095
0.62928
0.61102
0.4523
0.45404
0.56579
0.72605
0.3322
0.25882
0.1747
0.38334
0.57226
0.4457
0.2645
0.52669
0.52452
0.25629
0.48602
0.43107
0.26531
0.65106
0.54074
0.31722
0.56262
0.58799
0.48225
0.90875
0.56564
0.41151
0.34753
0.39683
0.62574
0.63576
0.54007
0.48285
0.24913
0.40128
0.52807
0.55134
0.42516
0.42361
0.30123
0.79711
0.60066
0.51473
0.43052
0.56363
0.45001
0.62685
0.53759
0.53544
0.23239
0.42253
0.58561
0.45064
0.51325
0.56652
0.50636
0.52555
0.54592
0.44927
0.59845
0.39233
0.51654
0.41974
0.57448
0.50664
0.47712
0.47238
0.57811
0.60708
0.5005
0.27592
0.48082
0.30579
0.40742
0.62337
0.63188
0.80344
0.43566
0.42674
0.73093
0.80694
0.54746
0.54264
0.55418
0.57969
0.43145
0.65993
0.51407
0.5111
0.32988
0.53879
0.46251
0.25496
0.52527
0.67407
0.58756
0.56866
0.59896
0.58592
0.83862
0.6036
0.71698
0.24644
0.64831
0.67162
0.61233
0.61804
0.58162
0.49807
0.62323
0.51455
0.716
0.47807
0.40393
0.50271
0.59391
0.31257
0.48944
0.41551
0.47495
0.43982
0.59685
0.42021
0.47503
0.41069
0.4194
0.32126
0.84188
0.5966
0.43587
0.41993
0.45831
0.63247
0.56792
0.52337
0.65666
0.49961
0.76791
0.34072
0.44361
0.37187
0.55499
0.35867
0.51478
0.59944
0.56525
0.4531
0.49668
0.59545
0.41256
0.41801
0.22638
0.73172
0.54225
0.48491
0.38422
0.29381
0.54085
0.35662
0.52203
0.34913
0.4775
0.6124
0.33748
0.21145
0.67115
0.49097
0.58077
0.58912
0.63655
0.58911
0.61077
0.27063
0.46545
0.56011
0.42022
0.62259
0.48399
0.65706
0.362
0.54202
0.39046
0.38845
0.56324
0.53744
0.39808
0.51127
0.49397
0.5199
0.33366
0.28329
0.67122
0.81261
0.41409
0.73549
0.58581
0.71595
0.40045
0.28593
0.52244
0.46529
0.48471
0.54527
0.35964
0.41289
0.61024
0.28356
0.51573
0.44295
0.7629
0.66659
0.53193
0.37339
0.29659
0.22114
0.6122
0.43548
0.28607
0.3953
0.8122
0.46097
0.2867
0.52494
0.33715
0.16423
0.45725
0.41834
0.6427
0.74007
0.74451
0.54274
0.35869
0.61185
0.61214
0.34239
0.52455
0.68926
0.69633
0.43592
0.23216
0.48924
0.53202
0.64533
0.35588
0.41389
0.52804
0.57458
0.70163
0.82014
0.38555
0.46488
0.50026
0.4347
0.61616
0.43542
0.57657
0.5063
0.5127
0.66795
0.27171
0.58992
0.28359
0.76361
0.4753
0.42488
0.31673
0.62244
0.5564
0.53682
0.37088
0.11881
0.41113
0.51051
0.32962
0.40515
0.61252
0.62849
0.3952
0.49992
0.5288
0.39207
0.28556
0.6008
0.34995
0.70548
0.64031
0.36882
0.53454
0.41178
0.18286
0.35058
0.62578
0.41557
0.37505
0.59335
0.3571
0.66309
0.53545
0.6053
0.68853
0.48703
0.54221
0.59265
0.64576
0.42949
0.43697
0.55433
0.41246
0.61118
0.39837
0.50728
0.83151
0.37809
0.54828
0.60456
0.43076
0.48963
0.71694
0.44689
0.7399
0.50382
0.70864
0.55646
0.41239
0.34654
0.42989
0.53923
0.42744
0.38799
0.55644
0.56452
0.57142
0.43851
0.65248
0.40855
0.37776
0.70923
0.37809
0.63304
0.47092
0.36278
0.62648
0.39936
0.35501
0.21265
0.31218
0.57165
0.45347
0.6301
0.7699
0.39862
0.35167
0.4573
0.39302
0.70208
0.62113
0.4392
0.57517
0.64276
0.42162
0.62352
0.53113
0.604
0.42513
0.4873
0.35234
0.50696
0.33156
0.61707
0.38352
0.58368
0.47205
0.28882
0.56358
0.2271
0.30473
0.41564
0.41152
0.30342
0.44936
0.51895
0.46701
0.23418
0.57022
0.28273
0.74838
0.69249
0.39416
0.37526
0.48617
0.52193
0.69427
0.61793
0.61016
0.47693
0.75433
0.37335
0.4641
0.50566
0.68785
0.3193
0.50662
0.72699
0.5046
0.45143
0.71633
0.4522
0.2819
0.61777
0.42667
0.63943
0.5749
0.50767
0.38284
0.55612
0.5088
0.51867
0.63407
0.48647
0.28936
0.40559
0.73082
0.52306
0.67369
0.41683
0.54977
0.48826
0.56016
0.59541
0.35448
0.29335
0.49308
0.71755
0.48815
0.26302
0.53492
0.56763
0.35143
0.28846
0.50939
0.75816
0.39333
0.43352
0.31415
0.46537
0.5365
0.79816
0.5476
0.57489
0.46134
0.49519
0.36673
0.52948
0.43122
0.46587
0.39902
0.279
0.34182
0.81735
0.32649
0.54437
0.73598
0.45851
0.51603
0.58423
0.49895
0.51529
0.51302
0.67305
0.4222
0.41402
0.37467
0.55248
0.64344
0.50831
0.71477
0.49728
0.75724
0.49488
0.24045
0.53408
0.47943
0.4319
0.67886
0.36478
0.45406
0.53421
0.30367
0.49256
0.55973
0.42666
0.50412
0.22604
0.34049
0.4316
0.41501
0.35874
0.46284
0.45851
0.51843
0.80926
0.64849
0.35498
0.60856
0.80943
0.49309
0.65408
0.57393
0.69515
0.38299
0.74327
0.22031
0.76268
0.52017
0.5182
0.3755
0.41482
0.61031
0.66696
0.32699
0.4625
0.58604
0.35419
0.47079
0.37653
0.61748
0.58354
0.54792
0.4651
0.50806
0.554
0.23006
0.32317
0.40472
0.56944
0.42261
0.47796
0.42638
0.23718
0.56874
0.61371
0.458
0.56975
0.40302
0.52596
0.37322
0.54449
0.31784
0.2216
0.36704
0.78699
0.44801
0.40316
0.21134
0.36582
0.53367
0.67654
0.57681
0.51749
0.55018
0.62371
0.52231
0.56309
0.37184
0.614
0.44532
0.26245
0.3757
0.65156
0.37784
0.43926
0.5176
0.44267
0.447
0.55953
0.56482
0.44881
0.39931
0.44984
0.2199
0.57429
0.62779
0.43461
0.52024
0.48772
0.58626
0.67605
0.47793
0.15822
0.66114
0.61222
0.574
0.64976
0.40848
0.48169
0.36488
0.48884
0.60806
0.39131
0.23332
0.47846
0.46304
0.81032
0.48079
0.56396
0.48828
0.38586
0.56308
0.56854
0.30709
0.26846
0.57343
0.48511
0.60441
0.40931
0.33837
0.28979
0.61855
0.47461
0.32611
0.30579
0.65119
0.53258
0.39138
0.40056
0.67969
0.63106
0.4582
0.53513
0.4231
0.72773
0.50947
0.67488
0.38039
0.59464
0.46514
0.6477
0.67698
0.61025
0.53628
0.34369
0.32596
0.60983
0.45361
0.63371
0.51004
0.54743
0.40538
0.41711
0.43239
0.39711
0.32363
0.70182
0.5181
0.53726
0.69114
0.38955
0.39494
0.42089
0.46989
0.46719
0.54833
0.50522
0.57355
0.53733
0.30816
0.58571
0.51902
0.53118
0.39244
0.36775
0.70103
0.39731
0.61772
0.52188
0.67161
0.48949
0.58434
0.29622
0.57374
0.46114
0.30662
0.57831
0.49751
0.56425
0.61612
0.62236
0.72336
0.60694
0.61256
0.49152
0.37896
0.46521
0.76205
0.66296
0.30582
0.63677
0.48788
0.46311
0.49167
0.57342
0.44209
0.53076
0.52304
0.71061
0.55762
0.68429
0.3606
0.54711
0.4653
0.52559
0.31629
0.36469
0.38052
0.45351
0.33007
0.5123
0.45553
0.57068
0.5721
0.69802
0.38405
0.63237
0.54115
0.15383
0.60217
0.26366
0.55408
0.64701
0.31869
0.67513
0.44661
0.57498
0.31991
0.41716
0.71773
0.5686
0.33717
0.63128
0.38731
0.26522
0.24966
0.40678
0.62966
0.63818
0.39829
0.59619
0.5836
0.46681
0.47955
0.31057
0.48247
0.69391
0.68344
0.64537
0.70533
0.50502
0.6241
0.71476
0.2867
0.63988
0.52515
0.33445
0.48681
0.57282
0.56143
0.36239
0.57868
0.42165
0.62871
0.45606
0.77439
0.43985
0.37218
0.50318
0.51622
0.41214
0.50048
0.53573
0.59014
0.53456
0.62381
0.3941
0.5384
0.37921
0.42486
0.62115
0.49811
0.42138
0.31009
0.57626
0.31103
0.68768
0.55696
0.42062
0.42885
0.3546
0.70527
0.49688
0.31173
0.36595
0.43418
0.48734
0.68888
0.72366
0.6994
0.65427
0.64996
0.67268
0.43599
0.37775
0.56488
0.61751
0.45131
0.89501
0.40894
0.49068
0.25317
0.58688
0.25594
0.49733
0.41238
0.46584
0.51987
0.60908
0.55299
0.70576
0.47574
0.5045
0.47195
0.4931
0.55819
0.37475
0.3416
0.24261
0.55175
0.25946
0.47985
0.55824
0.5405
0.24717
0.51565
0.18178
0.28026
0.44168
0.30878
0.45054
0.60662
0.41635
0.69101
0.29552
0.75631
0.58173
0.43948
0.55327
0.25454
0.54948
0.2703
0.62227
0.5817
0.65196
0.55935
0.7206
0.68646
0.58828
0.54678
0.71675
0.64071
0.52332
0.62508
0.58254
0.57318
0.50197
0.71024
0.59879
0.45479
0.41808
0.37237
0.33394
0.52249
0.63474
0.48458
0.3943
0.57761
0.32218
0.66037
0.50429
0.37417
0.49394
0.68778
0.49054
0.70742
0.50268
0.64353
0.52918
0.4559
0.39168
0.68889
0.72636
0.48321
0.58903
0.54175
0.70421
0.67046
0.53691
0.56046
0.45153
0.25592
0.39946
0.69157
0.66722
0.44144
0.47683
0.56983
0.77965
0.60753
0.3641
0.5705
0.55026
0.46437
0.74149
0.54468
0.61645
0.43653
0.41531
0.47931
0.36177
0.4875
0.69852
0.7573
0.73372
0.45131
0.23193
0.62914
0.43531
0.548
0.45977
0.53761
0.72735
0.48067
0.36054
0.58778
0.50064
0.49574
0.6639
0.61411
0.55945
0.31192
0.47946
0.57243
0.27422
0.51357
0.34468
0.61061
0.59601
0.45904
0.70987
0.56611
0.5633
0.48543
0.79662
0.49758
0.63966
0.84407
0.53609
0.51673
0.42974
0.7018
0.64537
0.87707
0.41967
0.35504
0.60231
0.57577
0.24107
0.50863
0.36789
0.37921
0.45133
0.40868
0.64118
0.3182
0.75695
0.53392
0.52146
0.30829
0.65519
0.54244
0.55399
0.70382
0.33807
0.61103
0.69462
0.47889
0.10407
0.48406
0.5621
0.67021
0.40155
0.58001
0.60911
0.31177
0.31274
0.5152
0.42669
0.73898
0.71639
0.2899
0.47769
0.62115
0.54902
0.5016
0.53182
0.55529
0.67226
0.69885
0.47785
0.54591
0.49043
0.64698
0.31709
0.91769
0.47629
0.51266
0.51667
0.53187
0.55717
0.44941
0.36779
0.61271
0.42543
0.44811
0.51905
0.78114
0.70024
0.56119
0.41019
0.54608
0.47427
0.51604
0.45259
0.39656
0.57707
0.35927
0.54008
0.59922
0.3559
0.46378
0.33745
0.47791
0.40398
0.57326
0.57164
0.42838
0.43393
0.50727
0.58757
0.53598
0.47115
0.71985
0.60574
0.5896
0.30713
0.38436
0.51841
0.55017
0.38801
0.56489
0.58
0.3721
0.53861
0.29301
0.60771
0.59735
0.50992
0.63379
0.5493
0.44192
0.6688
0.74108
0.52842
0.52562
0.34355
0.54622
0.49447
0.32587
0.6118
0.63473
0.57771
0.29175
0.66108
0.57749
0.55096
0.52081
0.69485
0.65708
0.64938
0.68698
0.21315
0.6193
0.41618
0.31388
0.45904
0.49456
0.44999
0.61013
0.70977
0.54264
0.56293
0.54804
0.41847
0.35906
0.47426
0.62987
0.41658
0.34955
0.39316
0.52947
0.33376
0.68447
0.58463
0.71574
0.56082
0.46295
0.56927
0.31319
0.31687
0.65747
0.5121
0.32164
0.47725
0.41758
0.33988
0.47828
0.30239
0.52172
0.82859
0.4492
0.37076
0.6469
0.46946
0.58473
0.51721
0.45075
0.52308
0.4883
0.39473
0.48941
0.27012
0.56374
0.55575
0.40042
0.32806
0.43484
0.77695
0.47559
0.40157
0.65465
0.33691
0.6434
0.5804
0.42658
0.64873
0.53922
0.76211
0.48754
0.64027
0.5832
0.55381
0.45297
0.84431
0.3049
0.16598
0.78508
0.67518
0.49613
0.61537
0.39113
0.34101
0.36245
0.48017
0.49338
0.5262
0.48005
0.68578
0.84472
0.52991
0.59638
0.58331
0.63623
0.41978
0.50123
0.55382
0.61642
0.5209
0.52711
0.64274
0.56609
0.39014
0.42246
0.48796
0.61396
0.61182
0.58435
0.54591
0.50283
0.41076
0.66717
0.52517
0.49557
0.47601
0.41963
0.5795
0.2606
0.73841
0.54684
0.39525
0.47168
0.54114
0.3342
0.49149
0.31797
0.63117
0.39712
0.55572
0.525
0.57455
0.72018
0.13342
0.51212
0.63119
0.42279
0.59895
0.65327
0.81755
0.67943
0.24906
0.1495
0.57487
0.52664
0.44344
0.49833
0.75427
0.3689
0.58705
0.65953
0.60569
0.42296
0.45782
0.43693
0.37422
0.55962
0.67312
0.74146
0.35093
0.44942
0.61894
0.4885
0.46263
0.34992
0.29027
0.40952
0.62657
0.41269
0.50959
0.49315
0.75626
0.58791
0.68103
0.82464
0.23566
0.69697
0.67445
0.41545
0.6299
0.58475
0.66987
0.55215
0.82625
0.6303
0.52797
0.28279
0.74055
0.46011
0.48612
0.42153
0.63969
0.3919
0.41233
0.53321
0.54278
0.31199
0.60831
0.60493
0.22877
0.5331
0.4718
0.45618
0.46937
0.51985
0.73572
0.56491
0.49327
0.49974
0.57121
0.32598
0.43113
0.53472
0.38825
0.39813
0.40587
0.25599
0.51196
0.66256
0.5014
0.25626
0.55082
0.5065
0.37249
0.62177
0.26568
0.59469
0.5624
0.46999
0.70064
0.37467
0.38368
0.51267
0.61178
0.75321
0.3196
0.3294
0.502
0.45002
0.54072
0.68816
0.53837
0.50111
0.80001
0.60556
0.57367
0.64147
0.62101
0.48923
0.4102
0.61493
0.51993
0.47066
0.36722
0.53149
0.43969
0.5048
0.33819
0.38338
0.61264
0.11319
0.39479
0.59655
0.65437
0.56121
0.38499
0.56353
0.60316
0.74826
0.66443
0.39252
0.40467
0.74371
0.41002
0.22805
0.44365
0.29459
0.47492
0.53664
0.43312
0.50115
0.54562
0.70114
0.56169
0.5021
0.681
0.67307
0.52982
0.44201
0.48809
0.58229
0.45714
0.37103
0.42219
0.52383
0.57549
0.48341
0.47647
0.56285
0.64079
0.62255
0.49356
0.73124
0.54084
0.32408
0.53267
0.66621
0.42485
0.62935
0.77374
0.14641
0.42558
0.54888
0.73746
0.60633
0.71429
0.50828
0.37266
0.67916
0.30172
0.74912
0.4926
0.43246
0.47896
0.49055
0.22411
0.56123
0.4787
0.62093
0.55149
0.46375
0.60877
0.35118
0.45303
0.5954
0.39134
0.49199
0.4576
0.37722
0.40483
0.44647
0.44589
0.36412
0.37535
0.1959
0.59389
0.70849
0.72539
0.46577
0.33427
0.39195
0.48058
0.60301
0.33559
0.5889
0.32487
0.64823
0.84382
0.49276
0.65289
0.23768
0.60364
0.31604
0.42575
0.60644
0.41926
0.72428
0.36659
0.39551
0.47874
0.3384
0.41281
0.57717
0.65429
0.4529
0.3424
0.22541
0.51933
0.3723
0.47423
0.66048
0.7177
0.64387
0.26259
0.6189
0.33513
0.36017
0.32986
0.46695
0.68036
0.30085
0.51907
0.61868
0.31778
0.34586
0.73987
0.43141
0.31661
0.28479
0.60881
0.16032
0.52698
0.28561
0.42954
0.66593
0.45505
0.67355
0.44923
0.28619
0.53125
0.48285
0.52441
0.46262
0.43835
0.39231
0.47631
0.73963
0.54034
0.75076
0.56982
0.2975
0.69952
0.41359
0.46484
0.34599
0.47437
0.70499
0.78138
0.51838
0.33547
0.42875
0.47725
0.38084
0.62374
0.52586
0.73425
0.45097
0.38183
0.39283
0.38108
0.48767
0.93601
0.54603
0.67113
0.50869
0.6165
0.50006
0.5891
0.61719
0.33375
0.75616
0.48394
0.61197
0.36128
0.57347
0.48875
0.61328
0.4753
0.49786
0.34467
0.72412
0.49936
0.49149
0.50431
0.49385
0.59969
0.64112
0.65558
0.54813
0.28885
0.63299
0.66496
0.60544
0.33356
0.54373
0.33315
0.53037
0.47302
0.53816
0.51873
0.507
0.59043
0.1746
0.72917
0.48891
0.49633
0.40351
0.42596
0.37026
0.83045
0.48036
0.48895
0.55352
0.44118
0.59938
0.6231
0.37505
0.44635
0.44467
0.53522
0.50818
0.42401
0.45497
0.18428
0.33744
0.4596
0.56065
0.65609
0.69519
0.43836
0.66972
0.35829
0.53856
0.5612
0.66195
0.62177
0.27523
0.58878
0.54209
0.34378
0.58468
0.59389
0.50011
0.6598
0.51579
0.4604
0.54391
0.53304
0.48781
0.50062
0.3926
0.485
0.41012
0.36686
0.3515
0.69784
0.39742
0.58735
0.30861
0.42138
0.37916
0.32035
0.6067
0.5161
0.45468
0.50476
0.42354
0.45251
0.59803
0.46981
0.6531
0.35388
0.60344
0.61219
0.49087
0.46749
0.6448
0.7432
0.57054
0.19035
0.52025
0.45401
0.48576
0.22645
0.41593
0.68649
0.4406
0.49362
0.51709
0.30392
0.6039
0.4102
0.62551
0.48051
0.46665
0.63416
0.46163
0.2602
0.5238
0.73599
0.18969
0.45594
0.62425
0.51731
0.3078
0.63067
0.57286
0.667
0.45632
0.41401
0.61377
0.44588
0.60414
0.35964
0.61249
0.33986
0.68169
0.70188
0.57727
0.42956
0.26954
0.43602
0.63236
0.72958
0.57048
0.58667
0.44825
0.54465
0.57918
0.77269
0.65405
0.48349
0.31307
0.27163
0.59989
0.88
0.26419
0.36179
0.30682
0.8436
0.48599
0.34172
0.38535
0.17189
0.27127
0.58024
0.65797
0.46954
0.5271
0.68971
0.49153
0.68875
0.38365
0.47128
0.51084
0.38905
0.647
0.90405
0.25984
0.82306
0.43526
0.40039
0.30695
0.57181
0.57313
0.4718
0.37954
0.46648
0.37333
0.5845
0.50035
0.31171
0.48676
0.43911
0.60511
0.28414
0.62329
0.67615
0.35458
0.21962
0.53769
0.71939
0.41075
0.58743
0.34708
0.65916
0.36975
0.3355
0.56248
0.43531
0.29654
0.75402
0.54543
0.58122
0.41056
0.55198
0.47225
0.60954
0.59405
0.55949
0.6355
0.47214
0.44321
0.48601
0.49992
0.53537
0.38485
0.54816
0.44714
0.25897
0.83335
0.49354
0.27721
0.75088
0.31892
0.35661
0.4029
0.67094
0.29954
0.4831
0.4885
0.39839
0.41047
0.46681
0.15028
0.33228
0.43268
0.48814
0.55325
0.52958
0.37285
0.66157
0.51426
0.53968
0.57542
0.26112
0.46547
0.23672
0.44798
0.55301
0.36515
0.27494
0.5979
0.50425
0.37209
0.67679
0.50713
0.54051
0.51821
0.67105
0.69272
0.49877
0.57674
0.29379
0.50359
0.51684
0.38277
0.46754
0.5516
0.33696
0.33588
0.69656
0.55181
0.5009
0.56905
0.86534
0.39532
0.66935
0.48875
0.41987
0.5432
0.28589
0.59104
0.58073
0.29949
0.58126
0.34712
0.2701
0.75357
0.37491
0.63912
0.3292
0.32658
0.32485
0.45049
0.5219
0.63003
0.5994
0.46019
0.51154
0.44439
0.47519
0.40161
0.48047
0.42099
0.58293
0.48589
0.39592
0.53162
0.75058
0.63544
0.72168
0.65365
0.28066
0.43402
0.54232
0.43561
0.44738
0.44685
0.53374
0.4578
0.50603
0.39225
0.70608
0.46693
0.46718
0.40949
0.48418
0.39324
0.51016
0.60775
0.51334
0.42707
0.51623
0.82524
0.58083
0.54481
0.6145
0.61164
0.50657
0.55688
0.72143
0.69588
0.36882
0.61092
0.43519
0.28988
0.58639
0.46152
0.36857
0.57231
0.48297
0.74674
0.48372
0.36005
0.68582
0.63086
0.64149
0.56813
0.49745
0.6333
0.55014
0.79702
0.61105
0.6256
0.59307
0.37464
0.36781
0.43401
0.60444
0.5625
0.73208
0.48162
0.54321
0.44003
0.39812
0.58601
0.53753
0.62019
0.45436
0.69373
0.51315
0.45361
0.60134
0.25964
0.37651
0.62729
0.29719
0.63851
0.59552
0.43243
0.80527
0.55669
0.38114
0.44516
0.44226
0.51061
0.28765
0.49976
0.47795
0.6981
0.81608
0.49668
0.49133
0.59667
0.62165
0.61426
0.47023
0.55043
0.3591
0.65787
0.82625
0.6
0.75024
0.72272
0.71926
0.46755
0.51608
0.60364
0.53784
0.55302
0.66565
0.60698
0.59801
0.45828
0.40442
0.50453
0.27633
0.65655
0.64184
0.51629
0.67283
0.4247
0.62265
0.61449
0.34956
0.59224
0.65578
0.75682
0.63831
0.55727
0.47021
0.41057
0.57984
0.023774
0.40504
0.61107
0.47877
0.44698
0.43375
0.60097
0.52171
0.70017
0.54413
0.52754
0.54375
0.60806
0.29561
0.34617
0.6087
0.70643
0.48732
0.33484
0.23076
0.37528
0.43241
0.6898
0.48649
0.38375
0.64893
0.29923
0.59772
0.45438
0.45426
0.55374
0.46488
0.60912
0.3021
0.42382
0.56435
0.33145
0.42922
0.38476
0.40558
0.39993
0.57693
0.58465
0.51349
0.60312
0.49432
0.5173
0.53467
0.31464
0.34126
0.55256
0.5769
0.68861
0.5281
0.49228
0.37457
0.56725
0.36042
0.53083
0.7243
0.50006
0.42411
0.75653
0.48824
0.48808
0.55105
0.31472
0.36946
0.33527
0.71744
0.89552
0.54785
0.077582
0.7315
0.77684
0.41643
0.64605
0.21517
0.63444
0.69663
0.62844
0.53318
0.35871
0.36266
0.72657
0.20472
0.44082
0.50409
0.42115
0.25873
0.59335
0.59875
0.63655
0.56337
0.53248
0.50554
0.55445
0.6421
0.50526
0.63907
0.65027
0.61021
0.67846
0.45507
0.45981
0.58812
0.53804
0.48994
0.34137
0.47364
0.7185
0.34133
0.47662
0.53406
0.39714
0.53439
0.61939
0.45521
0.48919
0.60569
0.34757
0.63334
0.58252
0.4469
0.71743
0.42053
0.72669
0.62306
0.5302
0.52364
0.58674
0.58184
0.57515
0.55939
0.49694
0.52134
0.55182
0.48835
0.70034
0.6979
0.66482
0.64007
0.54214
0.56885
0.64048
0.42811
0.40241
0.65418
0.65329
0.41344
0.64733
0.46111
0.59225
0.71328
0.46167
0.45378
0.30947
0.25804
0.47915
0.51942
0.4645
0.41432
0.5685
0.5533
0.6224
0.74013
0.35873
0.34556
0.52488
0.50435
0.71376
0.34964
0.44875
0.4629
0.74083
0.57315
0.58554
0.77132
0.47182
0.54629
0.31168
0.52075
0.55177
0.39142
0.54902
0.65901
0.57602
0.6091
0.4976
0.159
0.24571
0.78035
0.54256
0.69989
0.49935
0.3261
0.44214
0.50949
0.37178
0.58352
0.75235
0.25884
0.32324
0.6428
0.53635
0.6257
0.43403
0.50502
0.40544
0.28435
0.33203
0.4781
0.48216
0.40713
0.34799
0.38959
0.28325
0.36244
0.42427
0.50627
0.23268
0.45646
0.54865
0.30446
0.65908
0.60373
0.47714
0.47181
0.58118
0.67867
0.39779
0.65987
0.36357
0.64838
0.63974
0.3594
0.40819
0.54567
0.67248
0.29581
0.53682
0.49445
0.71365
0.49267
0.6677
0.49912
0.46618
0.5398
0.46806
0.44074
0.60193
0.74937
0.097778
0.80056
0.43238
0.42126
0.34421
0.43849
0.50801
0.69126
0.48682
0.39105
0.47653
0.6966
0.60693
0.48769
0.55878
0.35513
0.62534
0.20674
0.4363
0.70117
0.33259
0.7648
0.65472
0.41959
0.49853
0.28432
0.30948
0.47042
0.42453
0.43314
0.82604
0.35324
0.42639
0.53316
0.52998
0.36336
0.51835
0.37261
0.58071
0.39108
0.62377
0.58825
0.60954
0.35004
0.50839
0.49945
0.53407
0.63868
0.45839
0.50232
0.57386
0.5213
0.48995
0.49028
0.69305
0.46818
0.60754
0.48686
0.40339
0.56688
0.29825
0.38166
0.56193
0.3636
0.62469
0.3094
0.45981
0.66473
0.45725
0.61436
0.3224
0.59932
0.40524
0.75182
0.59319
0.43809
0.52863
0.67744
0.54941
0.57755
0.36231
0.60921
0.40569
0.4451
0.56581
0.39167
0.78924
0.39976
0.62449
0.32434
0.40144
0.51233
0.67065
0.49197
0.58174
0.38964
0.66146
0.20799
0.35844
0.50236
0.50474
0.52453
0.76242
0.35845
0.53779
0.59568
0.42434
0.32486
0.64652
0.67729
0.45271
0.45227
0.35041
0.5362
0.57935
0.4323
0.54552
0.60889
0.55103
0.39864
0.4091
0.70689
0.58023
0.4612
0.65428
0.44725
0.64382
0.4771
0.65189
0.63259
0.70935
0.43676
0.4288
0.60904
0.68553
0.41496
0.47266
0.36596
0.6377
0.45832
0.44674
0.70516
0.71171
0.54781
0.75422
0.71993
0.61677
0.41248
0.58203
0.67499
0.47285
0.33224
0.52719
0.59038
0.67644
0.35338
0.58013
0.55728
0.52639
0.28341
0.38659
0.43938
0.32761
0.46905
0.38523
0.24161
0.30957
0.60843
0.6189
0.51452
0.51253
0.54796
0.31638
0.4319
0.25491
0.77743
0.32896
0.3955
0.2539
0.78195
0.3501
0.073977
0.66267
0.38862
0.63467
0.49346
0.56289
0.35471
0.48159
0.47646
0.40584
0.75605
0.78709
0.43961
0.56001
0.51849
0.97336
0.47539
0.5885
0.33538
0.72166
0.69575
0.62859
0.48875
0.47856
0.73014
0.36641
0.41976
0.34836
0.70151
0.60945
0.50793
0.49924
0.50225
0.34095
0.67846
0.7389
0.66078
0.80247
0.30504
0.56988
0.48827
0.5425
0.4703
0.65108
0.58197
0.53964
0.63288
0.35471
0.52293
0.32331
0.24439
0.47503
0.75667
0.4076
0.45782
0.50663
0.36487
0.54704
0.57482
0.54314
0.53317
0.47807
0.7447
0.38161
0.58771
0.45549
0.40568
0.53451
0.59944
0.47177
0.82391
0.48053
0.56688
0.56571
0.53566
0.65556
0.42339
0.48857
0.39276
0.57475
0.50675
0.59428
0.64425
0.5593
0.33399
0.69232
0.46157
0.25008
0.40881
0.46279
0.49352
0.40072
0.53869
0.28623
0.63776
0.41097
0.77596
0.61721
0.48296
0.34663
0.59105
0.47175
0.46632
0.51948
0.46385
0.57573
0.4373
0.66146
0.54064
0.53348
0.604
0.36848
0.52841
0.608
0.46538
0.53885
0.53838
0.52776
0.40295
0.40876
0.64857
0.82855
0.67247
0.58231
0.41371
0.45516
0.55595
0.46327
0.36854
0.70498
0.34401
0.63533
0.89279
0.80242
0.45611
0.56712
0.15781
0.4911
0.38871
0.64559
0.40734
0.48666
0.76584
0.51565
0.51866
0.58949
0.33384
0.58735
0.43999
0.37003
0.57661
0.39756
0.62761
0.61196
0.25273
0.56775
0.74828
0.62699
0.42183
0.47078
0.38748
0.63947
0.4609
0.4544
0.4818
0.40229
0.51812
0.67513
0.77126
0.24833
0.61519
0.51038
0.66815
0.31517
0.12453
0.51322
0.57849
0.71481
0.5848
0.53047
0.44119
0.71426
0.48747
0.63053
0.68981
0.60057
0.60372
0.6037
0.4302
0.60444
0.64891
0.5575
0.30807
0.22682
0.42847
0.39033
0.56247
0.51517
0.55806
0.20466
0.83622
0.43092
0.44449
0.49116
0.49644
0.51181
0.55297
0.38641
0.41417
0.6184
0.60655
0.57233
0.4943
0.55923
0.57244
0.55478
0.47644
0.45
0.49483
0.51941
0.43074
0.69864
0.47822
0.52493
0.54676
0.32614
0.63265
0.46814
0.44563
0.58105
0.62335
0.40893
0.42372
0.34074
0.73082
0.50644
0.38172
0.67974
0.37938
0.48673
0.4714
0.60628
0.54501
0.62567
0.64571
0.57859
0.75904
0.48905
0.41355
0.55318
0.53546
0.42367
0.37766
0.49383
0.40639
0.38478
0.45785
0.47494
0.49053
0.3298
0.36171
0.40675
0.26542
0.68013
0.41481
0.39717
0.65907
0.4821
0.47284
0.40559
0.54234
0.48874
0.64875
0.67855
0.5739
0.36965
0.42219
0.47342
0.6422
0.44074
0.44224
0.3916
0.44551
0.71439
0.36772
0.38297
0.30876
0.55231
0.44002
0.57067
0.57603
0.66109
0.60428
0.54109
0.44681
0.3038
0.6792
0.35868
0.54492
0.57752
0.69882
0.27529
0.51166
0.52465
0.50114
0.71811
0.59859
0.4413
0.28525
0.45869
0.42082
0.37473
0.47357
0.72912
0.65377
0.72196
0.4935
0.37946
0.32318
0.23702
0.50808
0.33904
0.86056
0.47526
0.45133
0.67024
0.55879
0.62989
0.76128
0.37239
0.45348
0.34945
0.61389
0.51282
0.47603
0.39413
0.4387
0.54804
0.6347
0.50932
0.42781
0.75971
0.44576
0.44766
0.60735
0.65122
0.48129
0.30522
0.43726
0.32072
0.11042
0.36506
0.40581
0.63924
0.50328
0.54119
0.62853
0.55456
0.48353
0.444
0.5965
0.55661
0.38656
0.39441
0.38854
0.64522
0.67534
0.57586
0.57644
0.45627
0.58472
0.68009
0.51508
0.78878
0.61105
0.62121
0.46389
0.3993
0.57074
0.4872
0.29001
0.58044
0.55562
0.33993
0.52026
0.41574
0.3311
0.6992
0.67201
0.48633
0.54976
0.5412
0.39169
0.65142
0.63837
0.47505
0.62545
0.55721
0.54842
0.26731
0.5265
0.39256
0.36016
0.83533
0.51209
0.41142
0.63473
0.23679
0.25979
0.53201
0.59245
0.23588
0.27675
0.51756
0.62298
0.44788
0.41146
0.38315
0.42756
0.50785
0.37398
0.42438
0.28789
0.45949
0.69464
0.45313
0.59487
0.51063
0.31884
0.61138
0.45064
0.36881
0.51127
0.69705
0.48256
0.69957
0.43079
0.78533
0.55811
0.53162
0.46839
0.57875
0.69133
0.32771
0.57804
0.56649
0.75543
0.5504
0.41793
0.6677
0.50515
0.5798
0.41232
0.46191
0.2817
0.51151
0.42404
0.20997
0.60463
0.46586
0.62025
0.59413
0.76518
0.78127
0.4438
0.41757
0.33429
0.53782
0.45224
0.81421
0.51906
0.72683
0.77791
0.79009
0.64748
0.42229
0.34383
0.56455
0.39145
0.48693
0.28145
0.64416
0.51504
0.32627
0.54626
0.4392
0.63431
0.71067
0.51429
0.50098
0.6211
0.42956
0.63044
0.24907
0.72172
0.38822
0.56259
0.45497
0.42313
0.39827
0.43219
0.44081
0.69468
0.31569
0.41063
0.62137
0.48617
0.57357
0.73843
0.76598
0.50746
0.58661
0.79299
0.42086
0.60722
0.57757
0.53674
0.65228
0.40309
0.49182
0.4871
0.59166
0.49725
0.43728
0.61884
0.39637
0.57129
0.56963
0.72936
0.73225
0.49874
0.74689
0.56249
0.54896
0.61001
0.59524
0.70487
0.41032
0.79313
0.5234
0.28439
0.6601
0.58975
0.35098
0.59304
0.30963
0.45504
0.38505
0.40025
0.50123
0.20452
0.34996
0.5161
0.32322
0.49385
0.54725
0.31853
0.52969
0.53913
0.88063
0.47302
0.56838
0.66773
0.34025
0.62029
0.72767
0.58366
0.32969
0.49632
0.6615
0.53261
0.46035
0.77114
0.52618
0.40207
0.68766
0.5105
0.4809
0.708
0.47729
0.27838
0.85674
0.59229
0.44507
0.53434
0.42532
0.47984
0.27163
0.54917
0.16544
0.56331
0.59008
0.27342
0.5699
0.6305
0.20104
0.71036
0.59794
0.34159
0.51937
0.73738
0.51194
0.28963
0.38679
0.53762
0.58203
0.40747
0.55812
0.50457
0.50907
0.32059
0.53706
0.6868
0.31352
0.5133
0.5908
0.50671
0.44225
0.54082
0.43858
0.6192
0.55814
0.24672
0.77978
0.40446
0.47931
0.60397
0.32612
0.34956
0.53001
0.30886
0.49
0.52493
0.5069
0.51188
0.56424
0.57224
0.76912
0.41044
0.52374
0.46127
0.34503
0.24288
0.49044
0.46669
0.31167
0.39586
0.64643
0.5449
0.48234
0.46146
0.37852
0.42387
0.51023
0.44401
0.65152
0.4949
0.5298
0.52753
0.73471
0.36404
0.49635
0.40736
0.47043
0.61442
0.62922
0.48259
0.51685
0.33142
0.68217
0.53948
0.49747
0.70245
0.40408
0.54127
0.59735
0.5736
0.39234
0.55396
0.4964
0.4517
0.28976
0.58447
0.47368
0.57931
0.71288
0.56352
0.63647
0.3915
0.68587
0.73226
0.65049
0.45004
0.47162
0.41552
0.82121
0.44886
0.26513
0.3253
0.57558
0.50252
0.41332
0.36339
0.33115
0.56598
0.6389
0.57521
0.53945
0.45394
0.50866
0.61064
0.70161
0.63829
0.74783
0.76503
0.71151
0.27072
0.79492
0.44945
0.60903
0.45092
0.46586
0.3428
0.41709
0.57215
0.71846
0.49795
0.51846
0.48762
0.50499
0.42709
0.48425
0.40294
0.67069
0.57035
0.4798
0.58649
0.17532
0.53875
0.44515
0.70578
0.37775
0.41566
0.67569
0.52825
0.53849
0.59625
0.65272
0.45867
0.46645
0.56675
0.29415
0.40075
0.36606
0.46072
0.5058
0.35199
0.82259
0.5544
0.42817
0.77249
0.54514
0.2515
0.57117
0.56909
0.27963
0.43475
0.54852
0.60672
0.44595
0.1876
0.51612
0.34622
0.67397
0.41529
0.61348
0.36137
0.68905
0.57562
0.54645
0.61975
0.41916
0.65134
0.32932
0.51197
0.5699
0.3094
0.54325
0.48756
0.55527
0.54475
0.62384
0.46845
0.77433
0.50986
0.30645
0.48137
0.49122
0.55887
0.63009
0.29194
0.72564
0.61577
0.68671
0.5386
0.63411
0.61313
0.46251
0.56369
0.42614
0.39275
0.73478
0.57123
0.60786
0.8061
0.44415
0.54261
0.47969
0.46793
0.58003
0.44458
0.42635
0.47808
0.45681
0.55038
0.63681
0.49926
0.64497
0.5466
0.19153
0.61337
0.64816
0.54066
0.32687
0.52585
0.37655
0.3644
0.45718
0.55735
0.49775
0.26895
0.51565
0.40124
0.41126
0.6019
0.2493
0.48961
0.43956
0.39488
0.76787
0.62219
0.41473
0.34273
0.84462
0.79998
0.34917
0.55494
0.75766
0.48219
0.37478
0.43884
0.41251
0.54316
0.30158
0.31892
0.22438
0.33551
0.37707
0.60764
0.62337
0.39054
0.41466
0.41494
0.56249
0.52429
0.52023
0.59885
0.55857
0.67893
0.48002
0.67032
0.22498
0.61022
0.42364
0.32943
0.50408
0.43199
0.45672
0.39843
0.55193
0.58948
0.41843
0.41242
0.70947
0.34742
0.65819
0.6636
0.35106
0.44284
0.59164
0.77216
0.72938
0.48395
0.51637
0.62952
0.6158
0.60275
0.57595
0.53925
0.74063
0.66967
0.55629
0.62315
0.29701
0.48395
0.93747
0.22303
0.57856
0.40552
0.52416
0.51519
0.70663
0.35127
0.57598
0.39145
0.35955
0.48335
0.29064
0.45395
0.49661
0.4339
0.68183
0.46514
0.37972
0.54643
0.61835
0.28268
0.49544
0.5277
0.30654
0.57472
0.45537
0.34873
0.4974
0.65635
0.31233
0.55723
0.39785
0.55173
0.43616
0.612
0.67477
0.65406
0.26617
0.5849
0.25247
0.61802
0.56075
0.44468
0.46413
0.47055
0.49911
0.60974
0.63846
0.69211
0.4614
0.62052
0.53471
0.53754
0.60492
0.61098
0.39259
0.47896
0.51041
0.48736
0.64228
0.65132
0.64863
0.34707
0.63368
0.59852
0.43307
0.65476
0.51335
0.28626
0.48846
0.70122
0.61085
0.57528
0.63901
0.55069
0.38494
0.5705
0.48948
0.53074
0.58794
0.48902
0.54102
0.62894
0.7607
0.47135
0.4488
0.36464
0.6204
0.37865
0.3541
0.43089
0.36441
0.35182
0.55201
0.5285
0.26478
0.4618
0.72373
0.4393
0.46199
0.47441
0.5837
0.63754
0.46198
0.58804
0.70587
0.42711
0.44689
0.44244
0.58197
0.38288
0.20839
0.43044
0.49271
0.65498
0.36192
0.72462
0.17925
0.4187
0.60263
0.50226
0.62097
0.57293
0.63415
0.41704
0.37565
0.43848
0.46422
0.70121
0.58713
0.56469
0.5034
0.61548
0.46031
0.6798
0.52521
0.68347
0.44179
0.57867
0.23582
0.59332
0.71776
0.48355
0.57119
0.39286
0.574
0.61529
0.41559
0.61612
0.41575
0.63268
0.48693
0.43079
0.33241
0.65676
0.67017
0.53728
0.54474
0.22349
0.47427
0.60921
0.44682
0.37255
0.6766
0.4313
0.74568
0.62556
0.66437
0.52947
0.40711
0.40958
0.45961
0.51023
0.65182
0.36312
0.40234
0.36413
0.66497
0.50325
0.48131
0.47195
0.53066
0.49118
0.51124
0.43165
0.42736
0.34803
0.27664
0.49323
0.72587
0.59127
0.31517
0.55942
0.45912
0.47968
0.66241
0.44843
0.44036
0.50646
0.245
0.5804
0.43812
0.50783
0.59876
0.23628
0.55629
0.62537
0.52003
0.6446
0.44747
0.59693
0.4064
0.24422
0.59831
0.4959
0.75511
0.72535
0.54679
0.47871
0.4259
0.56387
0.27718
0.44722
0.35935
0.642
0.62292
0.41766
0.67605
0.70616
0.39966
0.43679
0.58165
0.38432
0.39444
0.60183
0.48686
0.51474
0.60174
0.55647
0.44413
0.48577
0.38623
0.70526
0.45201
0.67825
0.58886
0.6434
0.6878
0.32713
0.36667
0.45932
0.3411
0.44575
0.40108
0.47602
0.4233
0.36001
0.50509
0.49444
0.61908
0.54718
0.42417
0.41693
0.49331
0.57069
0.54464
0.61832
0.29341
0.68349
0.53261
0.45943
0.306
0.62223
0.44824
0.49086
0.27852
0.57608
0.50981
0.3732
0.53241
0.24812
0.37045
0.65481
0.70914
0.52111
0.49874
0.58202
0.4995
0.45893
0.53128
0.4402
0.78923
0.4688
0.60856
0.73808
0.6319
0.38241
0.59191
0.57157
0.49818
0.43632
0.66843
0.54977
0.25681
0.57031
0.56885
0.44074
0.52389
0.36276
0.52681
0.29448
0.27559
0.52975
0.37107
0.51196
0.42047
0.64995
0.4958
0.51323
0.46797
0.63027
0.58099
0.63911
0.37455
0.59047
0.37342
0.66314
0.9389
0.52564
0.61021
0.31544
0.73222
0.50248
0.65163
0.48338
0.54353
0.36001
0.58258
0.63282
0.64105
0.52261
0.60383
0.4373
0.37009
0.48105
0.5266
0.5091
0.42574
0.60472
0.65533
0.51623
0.33677
0.55766
0.448
0.60258
0.32411
0.72611
0.39452
0.37324
0.64267
0.2866
0.52689
0.70723
0.56792
0.69637
0.56854
0.54413
0.48949
0.42902
0.51715
0.51376
0.65321
0.65224
0.87826
0.35297
0.50318
0.37943
0.52655
0.6349
0.63269
0.44339
0.35043
0.49246
0.39219
0.34513
0.56917
0.4825
0.36474
0.61762
0.76774
0.35145
0.44398
0.55937
0.60859
0.5796
0.31726
0.46429
0.58557
0.52245
0.30809
0.69034
0.4568
0.67183
0.59841
0.30648
0.58535
0.56869
0.24249
0.5726
0.52321
0.62864
0.41874
0.74124
0.41248
0.33169
0.47819
0.64432
0.55044
0.57311
0.63857
0.65251
0.57356
0.36163
0.46609
0.46718
0.76026
0.6171
0.35796
0.33259
0.37033
0.4448
0.45774
0.46076
0.55714
0.33144
0.64794
0.37636
0.31729
0.42672
0.48973
0.30481
0.51386
0.4735
0.37734
0.53786
0.31591
0.45179
0.37199
0.45636
0.29566
0.48638
0.3641
0.71497
0.32058
0.50874
0.38545
0.74144
0.5439
0.33364
0.49878
0.29548
0.48252
0.65188
0.61819
0.62494
0.41578
0.54451
0.45917
0.53094
0.80858
0.51157
0.73809
0.19708
0.68665
0.33848
0.46017
0.31413
0.76862
0.8511
0.47034
0.54517
0.47003
0.31771
0.4947
0.4925
0.61817
0.43898
0.40462
0.47069
0.53745
0.85227
0.34442
0.61889
0.58434
0.56121
0.4736
0.45801
0.37709
0.66212
0.69951
0.78586
0.4644
0.39008
0.36555
0.42973
0.51463
0.69704
0.2891
0.65538
0.56189
0.60403
0.78411
0.55408
0.49176
0.45817
0.37627
0.24286
0.52854
0.4419
0.53899
0.44847
0.60564
0.45072
0.52989
0.54309
0.56406
0.52831
0.50728
0.61246
0.39164
0.37142
0.35154
0.31061
0.42193
0.65807
0.95199
0.36448
0.38151
0.13683
0.51114
0.32289
0.68351
0.46819
0.28136
0.38953
0.48732
0.68862
0.46339
0.54476
0.69675
0.5489
0.25786
0.78785
0.2419
0.4083
0.53764
0.57124
0.50532
0.63601
0.62898
0.46896
0.55187
0.47096
0.59252
0.44303
0.6771
0.64795
0.5166
0.51918
0.76819
0.65758
0.40268
0.46474
0.54412
0.21789
0.59758
0.35745
0.32631
0.43467
0.43002
0.6532
0.48327
0.55556
0.56968
0.46079
0.38477
0.5682
0.75627
0.40844
0.54087
0.62452
0.27979
0.43293
0.4106
0.51104
0.6517
0.46593
0.65769
0.41859
0.71142
0.39523
0.48554
0.62776
0.39837
0.28789
0.3155
0.38932
0.70993
0.59517
0.77462
0.56241
0.31458
0.42312
0.46626
0.39144
0.35442
0.46064
0.38301
0.45468
0.42128
0.48308
0.53671
0.25716
0.25575
0.1958
0.28769
0.55814
0.37108
0.43113
0.64252
0.4294
0.4399
0.45441
0.20469
0.21509
0.36349
0.51895
0.56046
0.42919
0.61078
0.5673
0.20341
0.3953
0.50203
0.38104
0.69865
0.22311
0.28647
0.50324
0.62309
0.63628
0.59727
0.51227
0.9728
0.13394
0.41052
0.51941
0.31923
0.27277
0.56949
0.24313
0.49885
0.85324
0.33235
0.72959
0.25076
0.51616
0.39077
0.77275
0.47328
0.47636
0.69504
0.47122
0.46824
0.4244
0.46346
0.60635
0.36288
0.28433
0.42698
0.44211
0.60211
0.51137
0.70965
0.66332
0.5873
0.39167
0.51929
0.42136
0.62313
0.54648
0.39027
0.46578
0.49431
0.49123
0.56255
0.53369
0.62823
0.57657
0.74663
0.47236
0.16361
0.58853
0.2871
0.59667
0.51346
0.38866
0.58433
0.058251
0.36873
0.46137
0.31081
0.31347
0.29759
0.46651
0.43745
0.74259
0.53563
0.64069
0.40861
0.47232
0.50565
0.45014
0.67596
0.51178
0.36101
0.52292
0.35898
0.69274
0.75404
0.54333
0.29552
0.55931
0.38676
0.58914
0.43396
0.68073
0.29735
0.55381
0.37229
0.73761
0.46456
0.37256
0.70356
0.50791
0.26489
0.4782
0.299
0.51663
0.28766
0.65755
0.6335
0.48371
0.65919
0.45416
0.57669
0.45888
0.73423
0.38755
0.30437
0.35026
0.6866
0.47159
0.49542
0.49948
0.53813
0.38183
0.56476
0.3749
0.31506
0.2513
0.52162
0.56982
0.80043
0.5827
0.74982
0.32955
0.50602
0.48335
0.57825
0.67355
0.43801
0.49069
0.32056
0.61592
0.48152
0.51367
0.4233
0.26525
0.5375
0.47659
0.40452
0.66498
0.81121
0.46625
0.48957
0.7676
0.23144
0.50264
0.6158
0.45985
0.49754
0.26994
0.38295
0.42237
0.33969
0.35263
0.5263
0.48404
0.40956
0.51379
0.44817
0.57753
0.82441
0.57067
0.4313
0.61236
0.78269
0.69831
0.30966
0.16948
0.29073
0.47518
0.37039
0.49951
0.67396
0.47639
0.59258
0.39312
0.85084
0.37101
0.52768
0.32463
0.58202
0.5316
0.49081
0.4009
0.45784
0.58059
0.40164
0.33381
0.58796
0.52552
0.53684
0.50189
0.30867
0.42394
0.66762
0.48597
0.38706
0.53521
0.52007
0.30627
0.44692
0.33428
0.3646
0.49992
0.27062
0.57591
0.81472
0.26709
0.4063
0.48352
0.68153
0.52887
0.32111
0.54845
0.63467
0.80393
0.37977
0.67396
0.45896
0.55367
0.18528
0.50998
0.4536
0.55417
0.27481
0.10647
0.45244
0.60401
0.67017
0.41989
0.29705
0.40858
0.4891
0.50367
0.60694
0.62569
0.63881
0.36529
0.34821
0.5688
0.72433
0.52748
0.49002
0.61041
0.48628
0.87568
0.44292
0.46668
0.64223
0.37031
0.51596
0.60826
0.38401
0.34276
0.53885
0.73492
0.57774
0.48575
0.70989
0.3486
0.53032
0.47977
0.71557
0.66671
0.28652
0.78105
0.5301
0.58926
0.56384
0.4444
0.59963
0.39222
0.46809
0.49157
0.33417
0.46132
0.58832
0.44201
0.74294
0.70694
0.52483
0.55065
0.41068
0.35281
0.57451
0.60824
0.43375
0.39967
0.53101
0.38048
0.49592
0.52914
0.58004
0.5304
0.68562
0.48127
0.34927
0.59426
0.61815
0.4228
0.74331
0.67754
0.81517
0.58957
0.64795
0.58092
0.48407
0.64009
0.67727
0.34649
0.61711
0.59744
0.32854
0.60185
0.39173
0.67023
0.60068
0.48961
0.48223
0.43349
0.27861
0.50619
0.68076
0.35573
0.3977
0.6758
0.5686
0.20096
0.33248
0.26728
0.57855
0.31173
0.61453
0.59548
0.42741
0.67318
0.38873
0.48145
0.428
0.65942
0.47191
0.65069
0.39541
0.42015
0.58984
0.51997
0.34606
0.40005
0.60661
0.24047
0.58817
0.39885
0.55213
0.42674
0.4738
0.58416
0.37518
0.38515
0.28676
0.35589
0.64928
0.71064
0.61413
0.6426
0.39751
0.52478
0.65555
0.38855
0.21748
0.29533
0.5763
0.26963
0.71504
0.5809
0.62644
0.22945
0.51982
0.48537
0.37825
0.41724
0.36349
0.61232
0.41764
0.49559
0.31879
0.62059
0.55151
0.49567
0.30917
0.45276
0.43137
0.48104
0.4497
0.45656
0.46805
0.44123
0.3072
0.52562
0.55803
0.38322
0.3665
0.70157
0.66836
0.68883
0.63642
0.40179
0.32227
0.51519
0.62806
0.49879
0.62504
0.44115
0.42855
0.48564
0.55378
0.3311
0.60309
