0.36585
0.63958
0.64648
0.41072
0.39333
0.59183
0.44903
0.75355
0.68278
0.1964
0.58738
0.28954
0.48902
0.57095
0.49095
0.37044
0.53507
0.49925
0.42295
0.6055
0.46174
0.4927
0.49793
0.5363
0.37027
0.43806
0.55755
0.48492
0.34411
0.42664
0.60457
0.52746
0.60059
0.59429
0.57143
0.56673
0.50887
0.58872
0.48253
0.51022
0.62355
0.18072
0.31938
0.53745
0.33968
0.4569
0.4342
0.54064
0.49979
0.73147
0.46034
0.67137
0.60074
0.28496
0.49292
0.53203
0.58872
0.59669
0.36642
0.38361
0.40347
0.55169
0.38733
0.32867
0.45026
0.66001
0.55678
0.56528
0.65501
0.44519
0.48483
0.69627
0.55317
0.28217
0.31818
0.38152
0.70905
0.54084
0.35983
0.7161
0.45432
0.11537
0.52896
0.47491
0.70265
0.44576
0.508
0.30142
0.44364
0.58284
0.4151
0.46978
0.45906
0.42191
0.35919
0.50538
0.48451
0.39798
0.42593
0.44956
0.68871
0.3892
0.42498
0.31025
0.62913
0.41918
0.66211
0.74401
0.47826
0.54377
0.37149
0.58952
0.44685
0.39122
0.26405
0.42457
0.46796
0.15211
0.43084
0.70045
0.45047
0.53216
0.3786
0.51119
0.53366
0.53314
0.53212
0.56737
0.56754
0.37938
0.44176
0.52719
0.63557
0.30349
0.32869
0.63552
0.59585
0.6514
0.40795
0.72585
0.56207
0.60163
0.59586
0.32236
0.44529
0.20273
0.32864
0.32534
0.42676
0.50444
0.44288
0.74253
0.39009
0.66364
0.46478
0.32648
0.66162
0.47482
0.68737
0.60085
0.45253
0.4482
0.36326
0.56197
0.45607
0.48838
0.44451
0.28104
0.51258
0.47426
0.75317
0.58338
0.46127
0.41649
0.55528
0.6208
0.396
0.48163
0.53691
0.54449
0.58509
0.40504
0.55141
0.9027
0.74871
0.53652
0.63496
0.51749
0.51141
0.53291
0.23154
0.55704
0.4434
0.49762
0.45144
0.41226
0.55421
0.5621
0.62561
0.43976
0.25982
0.53374
0.49769
0.59285
0.6265
0.46117
0.65987
0.44505
0.46834
0.49176
0.39247
0.45544
0.55297
0.35725
0.5435
0.70089
0.57061
0.55825
0.57747
0.31098
0.56403
0.63301
0.30201
0.69956
0.67891
0.35588
0.36006
0.63404
0.52327
0.2951
0.69989
0.30563
0.43832
0.50373
0.42096
0.4781
0.45668
0.55478
0.75475
0.47506
0.29937
0.55327
0.61876
0.45052
0.32224
0.53435
0.54605
0.622
0.40282
0.67185
0.44909
0.51739
0.47619
0.32764
0.37559
0.33669
0.57521
0.3191
0.40386
0.38755
0.73272
0.56229
0.51935
0.55605
0.47393
0.4662
0.53755
0.7042
0.36222
0.42561
0.44392
0.8295
0.77968
0.36267
0.5343
0.53099
0.090251
0.36235
0.65767
0.43093
0.36957
0.69921
0.6095
0.45602
0.658
0.56499
0.52451
0.53281
0.4635
0.52267
0.6017
0.53878
0.69779
0.61784
0.58145
0.52524
0.14087
0.53368
0.55365
0.73488
0.53418
0.56636
0.41132
0.53096
0.37891
0.49479
0.49649
0.50548
0.44778
0.48545
0.58906
0.73026
0.18979
0.58444
0.51129
0.64285
0.52041
0.73545
0.31909
0.63221
0.38532
0.63947
0.14751
0.25096
0.36918
0.31049
0.29039
0.36384
0.71567
0.55013
0.40625
0.72195
0.53042
0.64829
0.4445
0.37479
0.6601
0.54095
0.47764
0.73349
0.51578
0.44805
0.2052
0.43305
0.61647
0.58792
0.42554
0.45602
0.32494
0.52602
0.657
0.34574
0.59336
0.19479
0.43475
0.5498
0.44025
0.53173
0.5093
0.24274
0.53754
0.5528
0.54838
0.5365
0.55201
0.54964
0.52835
0.3695
0.88802
0.42882
0.59253
0.49299
0.69929
0.20541
0.48126
0.64572
0.32475
0.54793
0.32723
0.44902
0.50138
0.62011
0.63672
0.56092
0.53441
0.37651
0.90563
0.45727
0.25467
0.6144
0.43184
0.2751
0.52485
0.38792
0.46229
0.397
0.46578
0.50417
0.46896
0.47992
0.3944
0.45623
0.49625
0.46019
0.58062
0.34115
0.44257
0.77526
0.57178
0.50056
0.42428
0.24386
0.6085
0.54054
0.43639
0.43055
0.54382
0.35517
0.52316
0.65675
0.56077
0.78043
0.42967
0.77315
0.47193
0.56713
0.42605
0.36538
0.5892
0.59032
0.56854
0.77948
0.35331
0.44026
0.5855
0.45648
0.66094
0.47983
0.51824
0.32632
0.30486
0.32269
0.50975
0.62602
0.53307
0.42665
0.39121
0.25843
0.59436
0.48147
0.43903
0.74904
0.68295
0.57338
0.56681
0.30468
0.449
0.58423
0.66062
0.47207
0.65598
0.50895
0.19258
0.41362
0.50035
0.47705
0.55002
0.58233
0.49238
0.46368
0.41617
0.56619
0.63426
0.51684
0.51771
0.43092
0.46602
0.34895
0.5808
0.39463
0.24512
0.45736
0.42087
0.37856
0.43979
0.47374
0.53383
0.21551
0.64862
0.5108
0.50557
0.33842
0.40448
0.6011
0.52618
0.65258
0.3561
0.54079
0.62649
0.4686
0.47395
0.46058
0.71494
0.5022
0.47507
0.61952
0.2588
0.31398
0.68956
0.47829
0.47127
0.41899
0.46923
0.4689
0.51001
0.60866
0.46633
0.62983
0.33057
0.45145
0.49705
0.31414
0.50269
0.62318
0.47661
0.86515
0.63989
0.68436
0.42358
0.63119
0.29726
0.51791
0.66468
0.36538
0.54416
0.48348
0.51428
0.5049
0.6072
0.45399
0.6898
0.75198
0.5672
0.67665
0.53222
0.45788
0.39873
0.43114
0.47325
0.54915
0.59993
0.16373
0.48068
0.50235
0.31786
0.90025
0.66119
0.55311
0.4055
0.46762
0.47796
0.6157
0.36884
0.48942
0.31892
0.69657
0.30083
0.43013
0.58886
0.5933
0.55542
0.41423
0.46061
0.31273
0.31414
0.793
0.56111
0.31393
0.56815
0.24683
0.34575
0.51387
0.40918
0.3718
0.38416
0.49769
0.5607
0.38657
0.32995
0.45388
0.31255
0.45065
0.67742
0.41728
0.46191
0.33354
0.57404
0.25713
0.43241
0.54386
0.59985
0.31694
0.59989
0.34188
0.32296
0.032184
0.53982
0.45353
0.569
0.64715
0.51316
0.54788
0.66073
0.58954
0.41354
0.42577
0.23975
0.36215
0.54703
0.70024
0.27309
0.754
0.31957
0.59808
0.49329
0.51673
0.56982
0.76341
0.43183
0.48763
0.53379
0.55211
0.46311
0.77485
0.52508
0.5819
0.52129
0.63059
0.34557
0.11698
0.41273
0.54871
0.73363
0.529
0.19718
0.58012
0.34631
0.43329
0.52428
0.50587
0.2794
0.51081
0.3552
0.64676
0.26846
0.42665
0.42445
0.42501
0.68552
0.18775
0.46612
0.51195
0.58055
0.64725
0.61993
0.33455
0.20475
0.42708
0.31334
0.59893
0.44183
0.60792
0.36049
0.318
0.68128
0.65591
0.45723
0.55566
0.45192
0.54657
0.30764
0.43915
0.43918
0.13197
0.4822
0.46748
0.46848
0.34106
0.49675
0.31352
0.56969
0.63155
0.38531
0.5742
0.36473
0.63799
0.42842
0.43924
0.5648
0.37729
0.5758
0.47787
0.61763
0.44563
0.52145
0.72802
0.60458
0.4042
0.43913
0.47428
0.49542
0.45018
0.52337
0.47359
0.55665
0.66816
0.5281
0.40224
0.39724
0.4956
0.49839
0.50327
0.50199
0.3103
0.6893
0.46031
0.53347
0.57945
0.2236
0.51411
0.33905
0.53829
0.36365
0.56487
0.68999
0.24746
0.69633
0.4395
0.49754
0.32611
0.56152
0.30272
0.57757
0.40006
0.56884
0.49282
0.38223
0.64454
0.4181
0.65224
0.39335
0.5668
0.58849
0.4944
0.50286
0.6163
0.3368
0.53112
0.65223
0.42495
0.4025
0.40098
0.20586
0.23978
0.42848
0.62368
0.34523
0.55637
0.54394
0.18798
0.3151
0.60768
0.3611
0.6163
0.25662
0.34795
0.6384
0.37241
0.32373
0.65182
0.59998
0.43911
0.88297
0.81238
0.42434
0.44274
0.41006
0.65536
0.54864
0.81133
0.39208
0.58229
0.35803
0.55156
0.44184
0.50646
0.49767
0.061755
0.75355
0.57178
0.33615
0.56303
0.64785
0.30287
0.40481
0.45516
0.57188
0.48407
0.44969
0.66482
0.2223
0.4928
0.40875
0.35825
0.42913
0.40556
0.62702
0.25747
0.4251
0.50937
0.64887
0.61763
0.61439
0.42903
0.59443
0.35903
0.58165
0.5641
0.31409
0.65807
0.45301
0.43055
0.55324
0.6284
0.54202
0.45895
0.47975
0.70455
0.47313
0.35464
0.33135
0.71241
0.51345
0.64682
0.52937
0.51748
0.26645
0.45427
0.58703
0.58795
0.43998
0.49556
0.58831
0.5383
0.50527
0.6914
0.49954
0.24096
0.50231
0.5216
0.24473
0.39939
0.49677
0.29357
0.66394
0.74345
0.5696
0.40108
0.65938
0.38933
0.40031
0.63574
0.52154
0.16343
0.52323
0.52218
0.48434
0.45916
0.43914
0.65925
0.52981
0.464
0.4309
0.57867
0.63733
0.5442
0.61366
0.54367
0.50524
0.60113
0.72952
0.71007
0.60154
0.21652
0.42363
0.50855
0.51761
0.61529
0.60772
0.43157
0.44315
0.47741
0.52962
0.39663
0.5231
0.64411
0.50701
0.42682
0.5146
0.49637
0.50111
0.55992
0.43541
0.52393
0.34699
0.67797
0.40368
0.47601
0.64196
0.34055
0.78625
0.68176
0.44461
0.43415
0.25936
0.50135
0.34697
0.5596
0.50258
0.41737
0.48733
0.47491
0.61234
0.63678
0.54504
0.6905
0.61614
0.50416
0.51885
0.63025
0.61459
0.47024
0.66314
0.35677
0.40516
0.41738
0.54038
0.59758
0.4381
0.39268
0.48221
0.48192
0.53291
0.20364
0.44129
0.47843
0.50206
0.30795
0.62226
0.70033
0.57897
0.40026
0.52104
0.27247
0.32007
0.51791
0.31331
0.36057
0.52676
0.27435
0.30831
0.41747
0.37702
0.421
0.66483
0.54555
0.36068
0.5797
0.69866
0.38659
0.36088
0.40369
0.60382
0.72564
0.66175
0.56831
0.43476
0.42707
0.32676
0.49389
0.61067
0.62901
0.35955
0.30603
0.39879
0.29171
0.44665
0.44693
0.49647
0.43003
0.69683
0.48382
0.4507
0.5714
0.48633
0.50022
0.44992
0.50398
0.42313
0.47658
0.54228
0.54978
0.91513
0.39598
0.30622
0.50035
0.54919
0.5513
0.62895
0.50106
0.61023
0.56494
0.67818
0.40595
0.5408
0.36314
0.48961
0.61254
0.63615
0.43637
0.71116
0.41054
0.50396
0.72164
0.37901
0.45386
0.62091
0.33937
0.39743
0.54666
0.54219
0.52006
0.19967
0.3716
0.59243
0.45063
0.40381
0.47832
0.36108
0.65049
0.49336
0.52684
0.48534
0.35851
0.41635
0.34637
0.46138
0.3604
0.60539
0.5385
0.60066
0.56137
0.60554
0.30742
0.53916
0.64508
0.47804
0.65365
0.5592
0.42289
0.57377
0.54136
0.63112
0.51553
0.5738
0.7499
0.31754
0.60509
0.48363
0.45555
0.60286
0.4074
0.20317
0.60579
0.5332
0.28802
0.24593
0.50346
0.67472
0.36497
0.27037
0.40603
0.35384
0.65026
0.59129
0.54954
0.49643
0.56658
0.60265
0.72459
0.51625
0.43523
0.71674
0.41058
0.47703
0.67301
0.66971
0.55487
0.79915
0.75147
0.7445
0.63862
0.5813
0.29232
0.37497
0.33934
0.59011
0.56499
0.46019
0.47809
0.66565
0.37791
0.302
0.64578
0.75093
0.43217
0.25695
0.76578
0.3086
0.57463
0.27331
0.52668
0.47211
0.6503
0.55849
0.66805
0.62384
0.5017
0.42575
0.56051
0.49678
0.42087
0.66812
0.38041
0.59754
0.45014
0.4941
0.64707
0.57733
0.54029
0.44784
0.44724
0.45678
0.35003
0.47444
0.5543
0.80539
0.66609
0.45886
0.36533
0.33325
0.57513
0.42765
0.70731
0.54874
0.48666
0.36089
0.65452
0.38454
0.50314
0.36578
0.513
0.4161
0.46987
0.43306
0.42898
0.51073
0.46851
0.26591
0.57162
0.48417
0.60514
0.35659
0.23757
0.49446
0.44132
0.58185
0.59035
0.42486
0.5545
0.37875
0.3236
0.22484
0.29939
0.073539
0.44798
0.31598
0.18691
0.5248
0.5327
0.25347
0.60975
0.60335
0.54367
0.30717
0.61356
0.4038
0.57952
0.52714
0.42601
0.37214
0.52589
0.46934
0.53314
0.64537
0.50078
0.3082
0.46334
0.36345
0.34764
0.46383
0.46386
0.59342
0.46803
0.4058
0.32644
0.50911
0.46596
0.36767
0.44487
0.29024
0.42022
0.55223
0.60532
0.81713
0.49294
0.55936
0.562
0.59434
0.89188
0.56847
0.51116
0.15943
0.71257
0.79833
0.54113
0.51535
0.4416
0.57875
0.40146
0.53933
0.53774
0.39893
0.56942
0.57416
0.53805
0.78672
0.63726
0.63901
0.80566
0.53822
0.30377
0.67019
0.63465
0.42316
0.60884
0.61202
0.52017
0.77704
0.4972
0.5485
0.52331
0.57882
0.37354
0.54175
0.42292
0.69613
0.51519
0.42397
0.61193
0.41395
0.44083
0.41977
0.596
0.65046
0.51098
0.43528
0.54557
0.68333
0.62743
0.66563
0.56882
0.45841
0.47147
0.24604
0.60599
0.77556
0.37499
0.36966
0.61924
0.53501
0.42538
0.58017
0.46065
0.40261
0.72785
0.64181
0.35429
0.48226
0.51322
0.44727
0.6647
0.32521
0.65622
0.64342
0.61836
0.57795
0.62566
0.72965
0.32225
0.39829
0.61096
0.4588
0.49416
0.84177
0.66348
0.40922
0.55506
0.3812
0.56982
0.5233
0.30384
0.68521
0.53778
0.52701
0.29481
0.64972
0.53582
0.53264
0.46594
0.26986
0.39528
0.50674
0.21163
0.64615
0.22223
0.73044
0.31236
0.71773
0.36538
0.54536
0.23909
0.40375
0.48909
0.72597
0.52496
0.66189
0.47535
0.35167
0.49044
0.66526
0.32874
0.52413
0.51255
0.65249
0.43352
0.39753
0.46989
0.58955
0.58861
0.46533
0.50177
0.28968
0.20813
0.57392
0.28013
0.63688
0.38514
0.70881
0.089801
0.29467
0.34304
0.57993
0.47423
0.28674
0.24735
0.37576
0.52326
0.33422
0.56597
0.57651
0.64719
0.88789
0.49287
0.56357
0.83052
0.55202
0.32765
0.26982
0.34609
0.67201
0.6057
0.52363
0.35917
0.31224
0.20386
0.56668
0.40496
0.27789
0.55369
0.39214
0.60798
0.68546
0.53136
0.44307
0.37858
0.57025
0.46471
0.49529
0.25111
0.34905
0.62854
0.36256
0.37785
0.53842
0.39318
0.50353
0.44728
0.36144
0.49315
0.46533
0.40811
0.3888
0.6575
0.81567
0.43764
0.47976
0.39999
0.32696
0.60884
0.39648
0.53187
0.58717
0.62601
0.54359
0.31386
0.41936
0.39117
0.60037
0.61426
0.70056
0.6394
0.68042
0.51699
0.46199
0.57653
0.44089
0.70624
0.31004
0.28189
0.40754
0.37185
0.65264
0.34272
0.37975
0.60699
0.32436
0.36926
0.47024
0.61472
0.51077
0.47842
0.315
0.3116
0.71193
0.57839
0.4402
0.42893
0.40637
0.86671
0.48529
0.70257
0.46654
0.25931
0.75908
0.44717
0.32182
0.66338
0.42941
0.50019
0.58644
0.64099
0.65111
0.57993
0.65337
0.70345
0.44878
0.35801
0.53875
0.32935
0.26708
0.57874
0.49941
0.27878
0.54432
0.36381
0.80128
0.40401
0.33843
0.58675
0.39913
0.46151
0.717
0.79616
0.59173
0.60806
0.63348
0.40604
0.54977
0.24573
0.36132
0.39482
0.16472
0.39407
0.59224
0.51168
0.54634
0.57506
0.53332
0.60774
0.34349
0.5776
0.46919
0.49633
0.66237
0.67423
0.60891
0.39074
0.19161
0.58411
0.46866
0.41511
0.58356
0.36364
0.47418
0.50379
0.40287
0.54346
0.74579
0.43903
0.39777
0.36093
0.21653
0.55328
0.67687
0.39401
0.35064
0.32488
0.46746
0.3796
0.69153
0.55088
0.54716
0.48486
0.43218
0.47293
0.36034
0.40429
0.66365
0.31036
0.71592
0.47943
0.45794
0.72165
0.457
0.54387
0.49008
0.49904
0.46697
0.52619
0.6693
0.63399
0.57547
0.45634
0.33107
0.59526
0.65423
0.28146
0.69434
0.43429
0.62961
0.678
0.43906
0.51312
0.56973
0.56112
0.75559
0.72563
0.38588
0.6123
0.45836
0.54456
0.56958
0.52184
0.32817
0.50893
0.42599
0.51101
0.64655
0.73795
0.68604
0.36852
0.47578
0.29023
0.54528
0.11376
0.65216
0.63931
0.3201
0.37526
0.4017
0.37701
0.43459
0.46044
0.65914
0.43596
0.58216
0.44465
0.41872
0.5719
0.35666
0.61081
0.39615
0.5642
0.41457
0.4934
0.60011
0.41376
0.73649
0.54831
0.45638
0.65188
0.40109
0.68437
0.39852
0.76632
0.59201
0.40848
0.37491
0.32529
0.4055
0.33146
0.61503
0.4085
0.354
0.48999
0.40275
0.40039
0.58415
0.25612
0.53831
0.42687
0.41936
0.57245
0.46343
0.48737
0.33089
0.5505
0.50825
0.61164
0.51376
0.54947
0.45755
0.46902
0.35681
0.58147
0.44455
0.50269
0.58903
0.64233
0.31005
0.49561
0.58686
0.23857
0.60749
0.60061
0.40356
0.5542
0.44329
0.47924
0.31129
0.44802
0.5211
0.33145
0.31018
0.69723
0.58914
0.25035
0.53372
0.1955
0.68927
0.23226
0.72989
0.626
0.42007
0.67836
0.36255
0.5029
0.63542
0.54005
0.37301
0.4835
0.42968
0.52813
0.29465
0.60443
0.36802
0.57962
0.26419
0.36287
0.37754
0.40343
0.42379
0.23949
0.41899
0.34112
0.69311
0.37119
0.62115
0.41768
0.49746
0.30101
0.51233
0.71401
0.55843
0.61422
0.48965
0.5159
0.64149
0.48566
0.43365
0.57391
0.56215
0.54689
0.56732
0.40338
0.6336
0.55211
0.44933
0.48128
0.34492
0.61434
0.57971
0.66717
0.39987
0.59381
0.671
0.77544
0.63696
0.31147
0.59046
0.38026
0.60575
0.37154
0.63887
0.60181
0.5454
0.69555
0.62594
0.19894
0.719
0.54732
0.36442
0.4319
0.54979
0.69036
0.48595
0.4351
0.55222
0.54761
0.50287
0.46062
0.46788
0.58637
0.45382
0.53255
0.56949
0.67793
0.7753
0.56925
0.65735
0.43663
0.69525
0.31293
0.35548
0.71804
0.33264
0.44676
0.43034
0.453
0.73193
0.49969
0.53616
0.52986
0.28061
0.27461
0.60084
0.49827
0.49147
0.63362
0.39738
0.64699
0.50063
0.40021
0.48332
0.56381
0.40677
0.39929
0.62242
0.50414
0.50065
0.57693
0.53388
0.45153
0.33317
0.088915
0.45103
0.30928
0.69361
0.28042
0.49618
0.56526
0.2646
0.29897
0.2842
0.75195
0.35688
0.54088
0.38201
0.30515
0.36431
0.49878
0.58724
0.55727
0.49402
0.25381
0.47598
0.51846
0.42175
0.73348
0.69304
0.33502
0.47208
0.33406
0.47874
0.4793
0.45092
0.40062
0.78109
0.35547
0.65261
0.25956
0.57874
0.62938
0.63823
0.40711
0.49261
0.56276
0.64554
0.31817
0.5247
0.39642
0.63431
0.38141
0.40597
0.30222
0.23093
0.40935
0.62437
0.37355
0.60392
0.54802
0.43073
0.38
0.75365
0.69868
0.57381
0.6669
0.47954
0.25896
0.39985
0.69569
0.63263
0.479
0.59794
0.60405
0.48195
0.34272
0.40044
0.51784
0.27169
0.73517
0.55921
0.54312
0.77163
0.39204
0.53482
0.57914
0.62919
0.4015
0.34231
0.34906
0.24925
0.49023
0.43553
0.72251
0.483
0.5391
0.31744
0.34733
0.40328
0.32903
0.49246
0.59461
0.71885
0.57627
0.69323
0.35873
0.52233
0.49323
0.40807
0.36719
0.5567
0.35092
0.71379
0.46473
0.41379
0.63328
0.27304
0.41478
0.87788
0.49046
0.40369
0.80077
0.29329
0.43011
0.5038
0.46948
0.469
0.68125
0.80197
0.42647
0.47122
0.31592
0.41912
0.60282
0.60365
0.54319
0.60596
0.62086
0.41136
0.43209
0.70499
0.21967
0.30079
0.43833
0.16813
0.51628
0.39506
0.65493
0.60052
0.45789
0.72625
0.57584
0.40555
0.49482
0.49287
0.46234
0.59563
0.67409
0.59272
0.59718
0.51438
0.2703
0.41768
0.60944
0.50841
0.51096
0.37623
0.53194
0.41844
0.3292
0.27831
0.55324
0.55355
0.246
0.38006
0.31129
0.52817
0.41038
0.7023
0.71348
0.72114
0.26649
0.35489
0.74077
0.36602
0.33478
0.11245
0.56794
0.56654
0.37024
0.56961
0.33966
0.30833
0.57564
0.65948
0.40852
0.40691
0.46705
0.44556
0.49795
0.4982
0.63557
0.53458
0.57664
0.37678
0.75101
0.61834
0.5557
0.62876
0.58727
0.67614
0.40715
0.53287
0.47043
0.32304
0.27351
0.3807
0.24609
0.60536
0.42962
0.41776
0.45907
0.3328
0.47798
0.58906
0.42059
0.29735
0.64275
0.4779
0.48714
0.51031
0.32278
0.63327
0.40331
0.79479
0.26674
0.59456
0.44727
0.54359
0.34521
0.61048
0.58626
0.52519
0.69862
0.58426
0.32783
0.34867
0.34713
0.41926
0.52032
0.48369
0.66022
0.4017
0.29667
0.48399
0.63837
0.40252
0.63821
0.47582
0.71256
0.37722
0.50171
0.79242
0.28413
0.67019
0.17922
0.57375
0.53631
0.34932
0.3594
0.52592
0.6358
0.57696
0.54354
0.44439
0.58172
0.4152
0.77541
0.21617
0.41241
0.61337
0.67394
0.44681
0.38442
0.58608
0.65314
0.42059
0.69885
0.42978
0.52735
0.30018
0.40986
0.43475
0.59226
0.55155
0.50457
0.38592
0.5852
0.42789
0.47894
0.58402
0.54034
0.46522
0.31535
0.58905
0.65273
0.63357
0.43941
0.49658
0.37196
0.57269
0.49787
0.484
0.47293
0.47872
0.54893
0.52663
0.43309
0.7146
0.46724
0.44191
0.4498
0.58241
0.77842
0.6528
0.63045
0.55648
0.70041
0.58384
0.36538
0.29245
0.47443
0.6402
0.65597
0.37608
0.66201
0.39705
0.41922
0.52468
0.61277
0.44234
0.37533
0.39304
0.8507
0.45875
0.58106
0.76217
0.30687
0.64506
0.49661
0.49198
0.43548
0.58215
0.52112
0.64903
0.52611
0.4514
0.55514
0.47982
0.46369
0.48192
0.56963
0.4047
0.46766
0.47774
0.49942
0.53242
0.7569
0.59759
0.74657
0.66203
0.69826
0.5366
0.34403
0.51186
0.66309
0.026797
0.47431
0.63015
0.54712
0.33783
0.47992
0.77807
0.64648
0.27152
0.4901
0.65787
0.70334
0.63628
0.33511
0.3984
0.52923
0.30024
0.59287
0.38811
0.62937
0.50351
0.536
0.493
0.32182
0.4078
0.55284
0.51303
0.42688
0.23964
0.80525
0.50118
0.57389
0.674
0.55123
0.28573
0.37627
0.61777
0.19988
0.50136
0.46765
0.76233
0.33809
0.31982
0.32919
0.51981
0.33791
0.66139
0.37282
0.38698
0.60145
0.58509
0.28546
0.70896
0.55741
0.47819
0.46509
0.49088
0.45325
0.34369
0.44661
0.92602
0.49959
0.55252
0.62237
0.68174
0.50517
0.48641
0.45447
0.58989
0.57601
0.40221
0.49036
0.41686
0.50637
0.30069
0.40475
0.50946
0.7373
0.5113
0.29805
0.60806
0.55578
0.49601
0.53331
0.65891
0.83119
0.42976
0.52907
0.52047
0.73647
0.56998
0.5973
0.50993
0.62931
0.63833
0.404
0.66569
0.52677
0.41651
0.37514
0.55845
0.64487
0.54305
0.83387
0.46577
0.33579
0.7347
0.51942
0.37466
0.47367
0.33626
0.65989
0.58774
0.40259
0.43597
0.47042
0.60116
0.54534
0.33175
0.48381
0.48171
0.54971
0.43096
0.56943
0.60398
0.42114
0.69587
0.54159
0.46834
0.66741
0.52687
0.3948
0.50314
0.51611
0.60269
0.77301
0.57416
0.40524
0.52407
0.58964
0.31532
0.37088
0.38397
0.61044
0.57754
0.501
0.45947
0.67648
0.52422
0.48185
0.63828
0.62392
0.70839
0.68106
0.41885
0.34346
0.55503
0.24039
0.4551
0.53403
0.40436
0.46709
0.5448
0.58691
0.60301
0.41375
0.61572
0.35656
0.17527
0.55616
0.22813
0.32398
0.5421
0.53112
0.52967
0.42232
0.71964
0.30758
0.43271
0.5742
0.43383
0.50032
0.20465
0.35978
0.44134
0.82306
0.49481
0.36245
0.52512
0.45378
0.64856
0.61076
0.48523
0.40794
0.67145
0.52431
0.59901
0.51445
0.58298
0.59558
0.85036
0.33855
0.27382
0.33256
0.37527
0.49294
0.42211
0.48356
0.46583
0.64628
0.30654
0.45915
0.39711
0.51284
0.48794
0.59952
0.41929
0.59107
0.29795
0.62443
0.73608
0.73577
0.5474
0.42576
0.5576
0.48693
0.58911
0.48929
0.63254
0.66854
0.47877
0.49107
0.70901
0.50101
0.54405
0.43578
0.47223
0.49627
0.58497
0.51345
0.42513
0.34952
0.81
0.43437
0.44834
0.54923
0.5306
0.31264
0.60532
0.43955
0.48608
0.54697
0.40399
0.6233
0.63555
0.53827
0.56705
0.47216
0.65899
0.52929
0.38523
0.72171
0.624
0.44243
0.60229
0.50926
0.48867
0.33051
0.4598
0.28978
0.037367
0.64321
0.57517
0.35433
0.62879
0.52778
0.48047
0.57344
0.6276
0.62673
0.6159
0.393
0.56075
0.46784
0.67913
0.42041
0.38867
0.37686
0.53436
0.66503
0.84239
0.32764
0.36845
0.33911
0.40877
0.52134
0.45716
0.62776
0.43831
0.63722
0.45916
0.25406
0.53893
0.62774
0.66504
0.26452
0.31783
0.5403
0.6025
0.53089
0.38681
0.52522
0.63003
0.60643
0.55631
0.45894
0.68397
0.47479
0.4234
0.68053
0.48427
0.38929
0.5337
0.33885
0.40052
0.54634
0.43092
0.4007
0.44752
0.62378
0.58316
0.62057
0.43895
0.31991
0.67326
0.59889
0.50435
0.48625
0.31433
0.35076
0.50551
0.45637
0.46661
0.47625
0.65285
0.84143
0.77039
0.58026
0.50228
0.52898
0.59891
0.23452
0.44765
0.42186
0.48881
0.56061
0.82352
0.48388
0.66129
0.41402
0.40115
0.33511
0.50014
0.44489
0.57572
0.40082
0.58123
0.39831
0.59069
0.4366
0.35407
0.42751
0.66095
0.57293
0.61257
0.43922
0.34717
0.26049
0.5196
0.79142
0.43345
0.53631
0.5167
0.73748
0.59582
0.57667
0.6801
0.6323
0.50304
0.85239
0.18386
0.55205
0.57367
0.44001
0.44194
0.29508
0.39345
0.4509
0.31535
0.34764
0.34255
0.63572
0.59477
0.52907
0.26853
0.61302
0.44784
0.46037
0.6654
0.49317
0.31521
0.61182
0.57692
0.53401
0.56538
0.3085
0.50237
0.63493
0.77945
0.54336
0.60461
0.38346
0.52928
0.58697
0.40671
0.59127
0.44841
0.64361
0.47805
0.66963
0.52667
0.38778
0.13357
0.51324
0.74835
0.48734
0.61689
0.55231
0.6208
0.34798
0.53848
0.34742
0.51483
0.46275
0.58341
0.45578
0.5664
0.67616
0.46407
0.47121
0.42609
0.61355
0.54953
0.59892
0.45879
0.44524
0.4561
0.45296
0.53591
0.60893
0.54048
0.60372
0.54184
0.45088
0.70986
0.70701
0.27208
0.44192
0.25126
0.57616
0.79675
0.46371
0.4779
0.42782
0.30033
0.70716
0.62372
0.40787
0.65053
0.61418
0.35582
0.60329
0.31
0.50836
0.43348
0.55274
0.79948
0.61009
0.16595
0.54716
0.43059
0.44774
0.48426
0.59612
0.5299
0.51141
0.56861
0.53684
0.55907
0.53563
0.45005
0.20513
0.5901
0.44463
0.56421
0.58147
0.46544
0.462
0.45826
0.23094
0.53798
0.58118
0.53129
0.25195
0.30448
0.4786
0.61743
0.49823
0.43421
0.20206
0.43092
0.37541
0.47908
0.58166
0.3006
0.33603
0.40183
0.513
0.3873
0.55727
0.61611
0.60907
0.59635
0.49224
0.44093
0.55707
0.7265
0.76844
0.55981
0.73117
0.43057
0.62144
0.66448
0.59179
0.5078
0.65105
0.57144
0.39163
0.39449
0.51053
0.60632
0.59562
0.49652
0.679
0.48667
0.55326
0.61133
0.45781
0.59544
0.57631
0.13339
0.52671
0.40205
0.41137
0.27033
0.33788
0.46254
0.60123
0.51837
0.32775
0.38864
0.52305
0.36294
0.65768
0.37562
0.5418
0.31017
0.33928
0.66749
0.5664
0.35172
0.50809
0.47943
0.57894
0.61394
0.45928
0.57726
0.36717
0.48976
0.31484
0.5147
0.47909
0.51822
0.55354
0.52275
0.65547
0.53295
0.43098
0.81047
0.75989
0.48102
0.25555
0.34311
0.33648
0.51416
0.43772
0.59771
0.42094
0.53294
0.47248
0.71246
0.65881
0.39105
0.55922
0.46629
0.42699
0.43043
0.49579
0.43873
0.57701
0.42999
0.55938
0.33635
0.7287
0.34813
0.66694
0.46488
0.38044
0.60722
0.65129
0.53065
0.38536
0.34135
0.36368
0.46627
0.35775
0.58242
0.34177
0.26224
0.46661
0.7285
0.6414
0.54684
0.52492
0.40525
0.4744
0.38403
0.51643
0.47864
0.478
0.56125
0.43734
0.42203
0.50783
0.47989
0.5317
0.2725
0.58702
0.29568
0.59601
0.46151
0.45617
0.38812
0.37611
0.73129
0.54061
0.21869
0.27926
0.64663
0.56227
0.63104
0.38913
0.5483
0.31239
0.54494
0.57918
0.34248
0.7621
0.28976
0.58415
0.40422
0.49364
0.38542
0.6234
0.48928
0.61105
0.76669
0.50742
0.42548
0.39578
0.30015
0.48979
0.5942
0.31478
0.59514
0.38852
0.46632
0.55879
0.6599
0.53275
0.43917
0.29128
0.549
0.44128
0.51929
0.41968
0.33264
0.32621
0.67414
0.53985
0.50453
0.62794
0.48521
0.30517
0.58946
0.61514
0.20055
0.478
0.35347
0.4263
0.45552
0.41629
0.50284
0.50157
0.26146
0.55931
0.41551
0.47204
0.6742
0.59056
0.46175
0.38787
0.75283
0.64909
0.58842
0.44654
0.76368
0.4707
0.44716
0.63671
0.46057
0.23246
0.39531
0.39503
0.57271
0.34333
0.42826
0.5476
0.22124
0.45269
0.40732
0.73346
0.5987
0.50647
0.50618
0.59019
0.3533
0.35458
0.55021
0.35024
0.27546
0.49001
0.51528
0.44822
0.50756
0.51224
0.58843
0.42368
0.60363
0.47605
0.37928
0.35575
0.62536
0.56493
0.55244
0.23924
0.23235
0.40685
0.48737
0.51477
0.46153
0.46133
0.45287
0.22675
0.44145
0.44189
0.74818
0.44358
0.58036
0.52681
0.60681
0.46137
0.56192
0.59188
0.52062
0.4606
0.32348
0.64303
0.58593
0.53574
0.55016
0.32616
0.45144
0.38874
0.60884
0.3645
0.38428
0.54921
0.30755
0.48032
0.6514
0.45498
0.7459
0.55274
0.47308
0.65915
0.4055
0.29543
0.54543
0.58429
0.60731
0.56117
0.40112
0.44025
0.6713
0.3853
0.42066
0.63077
0.19942
0.53456
0.52002
0.34034
0.63105
0.50663
0.63095
0.29519
0.46479
0.38312
0.55502
0.38443
0.51065
0.78291
0.21732
0.42381
0.48339
0.54296
0.74881
0.77099
0.67512
0.34996
0.38195
0.41909
0.49117
0.5126
0.38666
0.61615
0.50126
0.58135
0.69452
0.36596
0.35745
0.47923
0.40478
0.42081
0.66866
0.64462
0.4696
0.48555
0.45749
0.59652
0.4394
0.47951
0.50168
0.28088
0.40658
0.73999
0.87035
0.72425
0.2263
0.59552
0.6355
0.65141
0.33278
0.56953
0.2771
0.44913
0.64035
0.34472
0.2254
0.32083
0.33645
0.35061
0.51053
0.52875
0.58331
0.16387
0.55042
0.63497
0.59801
0.47901
0.40216
0.63024
0.54829
0.31382
0.67084
0.63836
0.78196
0.55722
0.60238
0.5511
0.65926
0.39231
0.71829
0.52047
0.46777
0.39417
0.5986
0.28732
0.54558
0.39885
0.34518
0.49484
0.54577
0.47344
0.21685
0.40979
0.44503
0.58611
0.53509
0.76618
0.41415
0.38149
0.4395
0.55988
0.50699
0.61837
0.26855
0.45587
0.56734
0.26434
0.38352
0.53481
0.59874
0.60897
0.35651
0.58249
0.51306
0.62286
0.27298
0.56402
0.43062
0.51801
0.45462
0.28856
0.48722
0.26965
0.5425
0.27404
0.47745
0.65786
0.65231
0.72644
0.46486
0.38271
0.53472
0.5395
0.61986
0.26013
0.4948
0.61883
0.37803
0.67389
0.5951
0.24705
0.53216
0.60448
0.73808
0.56898
0.5834
0.40786
0.47239
0.60476
0.54745
0
0.43543
0.72093
0.51933
0.34682
0.24816
0.46004
0.56563
0.49411
0.70046
0.68027
0.44683
0.51694
0.48637
0.57992
0.63414
0.38661
0.51132
0.44513
0.46181
0.75588
0.71896
0.71164
0.30773
0.38006
0.2585
0.21052
0.51619
0.37128
0.40844
0.484
0.42556
0.66525
0.34509
0.69776
0.47082
0.56088
0.65982
0.69073
0.52394
0.43228
0.45354
0.5185
0.37158
0.44515
0.46292
0.45242
0.52118
0.45073
0.40312
0.37432
0.52699
0.21581
0.43597
0.48676
0.50426
0.48579
0.76247
0.82606
0.3043
0.49191
0.80019
0.4121
0.61515
0.6816
0.21712
0.43308
0.65722
0.63638
0.64546
0.43325
0.33861
0.27022
0.48229
0.39928
0.27399
0.51489
0.72144
0.41907
0.44589
0.24711
0.54043
0.37369
0.60165
0.4301
0.468
0.57715
0.63931
0.57253
0.60058
0.41146
0.46647
0.52205
0.51965
0.40251
0.41636
0.53976
0.66058
0.5169
0.47052
0.35112
0.44875
0.60476
0.39763
0.44161
0.31687
0.67023
0.32958
0.60723
0.47175
0.61306
0.47051
0.53363
0.43785
0.64623
0.60963
0.38763
0.69192
0.26731
0.65382
0.35645
0.34584
0.70131
0.51095
0.55422
0.64175
0.42196
0.7202
0.32163
0.42018
0.67403
0.58561
0.52727
0.52428
0.3218
0.70487
0.7209
0.57594
0.63452
0.30794
0.38765
0.20657
0.38714
0.39822
0.45704
0.55016
0.77943
0.39319
0.44129
0.54444
0.56665
0.22846
0.29011
0.65699
0.51743
0.49632
0.33335
0.14954
0.55929
0.67378
0.49047
0.77443
0.75386
0.40196
0.53543
0.55582
0.52669
0.38826
0.53412
0.39347
0.43165
0.48724
0.5113
0.60397
0.46082
0.50054
0.34815
0.46679
0.72584
0.57095
0.49494
0.16998
0.52472
0.40015
0.43309
0.51569
0.43439
0.67174
0.46594
0.62622
0.42124
0.3822
0.2928
0.72222
0.49192
0.63871
0.34332
0.7556
0.59085
0.39501
0.26208
0.53471
0.56053
0.49608
0.43374
0.5472
0.60701
0.50697
0.45421
0.63028
0.38025
0.62322
0.52897
0.42344
0.77207
0.58977
0.32971
0.47733
0.64624
0.60107
0.56549
0.5215
0.59668
0.50971
0.33314
0.65746
0.51875
0.58721
0.47422
0.68074
0.42668
0.41521
0.63645
0.67005
0.2237
0.52602
0.40068
0.63001
0.41232
0.38832
0.60492
0.52364
0.38335
0.60904
0.43194
0.56845
0.40016
0.17917
0.39034
0.20327
0.58287
0.438
0.45785
0.55446
0.31516
0.32909
0.34809
0.46269
0.62652
0.35441
0.66081
0.40059
0.42387
0.71051
0.51402
0.53173
0.53337
0.51845
0.47624
0.45971
0.51271
0.61728
0.5978
0.46037
0.59702
0.43467
0.54823
0.74429
0.51872
0.4771
0.29979
0.52181
0.57231
0.32164
0.57372
0.42759
0.43791
0.40819
0.52204
0.32162
0.42666
0.47077
0.36658
0.5233
0.54581
0.45882
0.57347
0.60023
0.69383
0.60776
0.45996
0.50678
0.5815
0.36257
0.59825
0.51022
0.77819
0.41887
0.53597
0.33343
0.55906
0.87906
0.63434
0.29516
0.41537
0.54095
0.36477
0.44481
0.51158
0.61236
0.38916
0.56026
0.645
0.53745
0.32392
0.13265
0.58579
0.58067
0.5603
0.84222
0.3301
0.4076
0.52341
0.29735
0.55408
0.66696
0.55418
0.35645
0.43162
0.51342
0.44463
0.36503
0.6155
0.46401
0.67918
0.32147
0.39573
0.35484
0.33636
0.62767
0.44161
0.52916
0.1719
0.60061
0.63183
0.44967
0.42169
0.60286
0.64657
0.37386
0.67077
0.62105
0.4985
0.55185
0.72938
0.45916
0.33692
0.55677
0.70819
0.5616
0.55377
0.63969
0.51982
0.35759
0.42065
0.60523
0.54318
0.49863
0.6233
0.60449
0.46263
0.54068
0.41082
0.35143
0.59384
0.37965
0.32872
0.50764
0.75694
0.13771
0.64648
0.63196
0.796
0.37448
0.45923
0.87567
0.50446
0.29901
0.28524
0.51871
0.46739
0.47328
0.50795
0.44896
0.40588
0.40833
0.39818
0.53959
0.51365
0.50036
0.73212
0.53207
0.4239
0.50846
0.38094
0.40437
0.51693
0.74811
0.46137
0.50192
0.38575
0.42819
0.41313
0.62754
0.33519
0.74735
0.45658
0.37011
0.63619
0.57927
0.51657
0.62347
0.64398
0.62129
0.5725
0.43759
0.53006
0.45119
0.57064
0.23555
0.65865
0.41176
0.29561
0.56006
0.43434
0.78537
0.41594
0.38859
0.52807
0.61171
0.57045
0.41518
0.60053
0.34938
0.3988
0.56305
0.53997
0.53583
0.41111
0.27277
0.54015
0.71875
0.54829
0.71402
0.60893
0.56212
0.47347
0.61087
0.095342
0.47541
0.45867
0.45442
0.33826
0.43737
0.8414
0.51682
0.51241
0.49335
0.67257
0.29542
0.3453
0.45381
0.62786
0.50874
0.4236
0.77507
0.33819
0.42342
0.46281
0.46194
0.48428
0.25731
0.34731
0.68747
0.57097
0.35373
0.59605
0.46758
0.42692
0.53772
0.32268
0.67728
0.47348
0.84016
0.53696
0.60911
0.49655
0.54947
0.67248
0.31773
0.56506
0.74531
0.41105
0.53481
0.42517
0.37804
0.59137
0.60338
0.5257
0.44501
0.31465
0.54409
0.44497
0.57281
0.64074
0.30819
0.41452
0.37737
0.37101
0.58633
0.47347
0.27366
0.61415
0.52813
0.56381
0.80542
0.45409
0.41877
0.53631
0.55843
0.52799
0.62169
0.57495
0.69615
0.59862
0.4799
0.63338
0.38686
0.40826
0.32009
0.68851
0.20426
0.41733
0.80084
0.30577
0.41716
0.66146
0.52466
0.43104
0.57611
0.51481
0.7062
0.40113
0.41057
0.52381
0.54523
0.67723
0.7423
0.55975
0.4725
0.19753
0.50377
0.4158
0.40012
0.48003
0.4654
0.47489
0.38034
0.69146
0.70506
0.3153
0.31105
0.36119
0.4603
0.51704
0.59531
0.49611
0.27029
0.55547
0.44238
0.66003
0.6311
0.67233
0.30626
0.36326
0.37347
0.53631
0.5033
0.74783
0.41887
0.57801
0.22043
0.52894
0.5777
0.54143
0.44568
0.6336
0.41813
0.62813
0.26368
0.63246
0.60237
0.54864
0.42972
0.46092
0.27977
0.44481
0.53908
0.70711
0.3499
0.30979
0.65259
0.58612
0.39998
0.62676
0.55587
0.52106
0.37203
0.60824
0.19014
0.5011
0.48376
0.66385
0.35605
0.32661
0.55163
0.478
0.46057
0.56696
0.28205
0.56483
0.5586
0.31142
0.4665
0.49089
0.44411
0.41682
0.53577
0.34499
0.24771
0.60707
0.48901
0.54743
0.55162
0.38321
0.25278
0.41169
0.39151
0.52849
0.35112
0.47093
0.77523
0.54384
0.6411
0.53795
0.66262
0.47977
0.488
0.53144
0.64979
0.31755
0.59711
0.38379
0.59111
0.50138
0.32637
0.52402
0.63521
0.44008
0.68078
0.60577
0.44016
0.55782
0.41623
0.55133
0.34098
0.27748
0.5152
0.27283
0.57613
0.92272
0.4452
0.52021
0.58264
0.61473
0.43473
0.36264
0.53924
0.48209
0.3938
0.28417
0.35593
0.44368
0.80498
0.48894
0.50516
0.55201
0.41002
0.60054
0.31514
0.1481
0.58012
0.656
0.44054
0.59415
0.37416
0.53389
0.49626
0.24147
0.29724
0.50681
0.55132
0.26015
0.52514
0.57186
0.4108
0.58095
0.55514
0.46397
0.36648
0.55928
0.44251
0.32891
0.42679
0.5134
0.75598
0.35015
0.7161
0.21253
0.52844
0.80707
0.19113
0.5845
0.63229
0.54627
0.38009
0.58797
0.48793
0.21684
0.51605
0.61209
0.43145
0.61691
0.62471
0.51715
0.4216
0.28727
0.26588
0.60955
0.21296
0.44811
0.43204
0.7575
0.55006
0.48169
0.14359
0.35019
0.52331
0.58418
0.67381
0.48742
0.58057
0.46785
0.51958
0.62836
0.45487
0.39838
0.48541
0.45652
0.44971
0.38806
0.39162
0.26303
0.66492
0.424
0.20487
0.50734
0.39088
0.77285
0.42053
0.67043
0.47918
0.55274
0.77344
0.46953
0.25739
0.3619
0.50934
0.53231
0.74493
0.25814
0.29732
0.53061
0.60612
0.56697
0.62035
0.34731
0.46459
0.4912
0.53691
0.65445
0.29891
0.49399
0.49161
0.65641
0.1741
0.66194
0.65497
0.6225
0.36267
0.64494
0.48229
0.62459
0.58194
0.27204
0.53343
0.64472
0.53707
0.44655
0.1891
0.43131
0.33202
0.25299
0.37005
0.57184
0.48598
0.48254
0.49027
0.62267
0.58052
0.3245
0.37655
0.53802
0.37385
0.47889
0.60211
0.40637
0.60871
0.41167
0.56364
0.47498
0.4088
0.55154
0.39216
0.48378
0.36381
0.57532
0.47652
0.65057
0.71813
0.44001
0.65946
0.39554
0.53871
0.31656
0.41983
0.46449
0.2792
0.33263
0.57232
0.52181
0.44902
0.53185
0.501
0.28637
0.23593
0.60832
0.35845
0.45254
0.46164
0.55628
0.39003
0.59899
0.18962
0.4324
0.60026
0.3765
0.18698
0.63066
0.47943
0.60686
0.4877
0.50021
0.38696
0.59107
0.3884
0.63321
0.6631
0.40319
0.56718
0.44738
0.50515
0.72978
0.40454
0.38112
0.39218
0.51139
0.50161
0.47291
0.52434
0.5361
0.58143
0.60527
0.15361
0.46366
0.69737
0.48682
0.46201
0.33242
0.39482
0.54237
0.93896
0.49253
0.42577
0.39841
0.6207
0.57137
0.73039
0.40461
0.63455
0.49353
0.47843
0.45587
0.65706
0.75726
0.57214
0.78964
0.3275
0.36235
0.46155
0.37342
0.50485
0.5936
0.39523
0.42505
0.38441
0.81197
0.46739
0.27303
0.60609
0.53715
0.5183
0.46695
0.84385
0.60676
0.74922
0.51392
0.39759
0.57637
0.56816
0.63275
0.1878
0.6032
0.79703
0.44915
0.42254
0.40448
0.38011
0.36131
0.55284
0.5609
0.35703
0.43358
0.52798
0.45662
0.64111
0.42333
0.67693
0.46098
0.55166
0.43725
0.54224
0.36157
0.6361
0.58986
0.31062
0.49153
0.48574
0.57345
0.53645
0.4085
0.54024
0.43452
0.57267
0.37852
0.22962
0.12452
0.41997
0.55098
0.5591
0.4455
0.64657
0.47669
0.28656
0.58748
0.31063
0.66651
0.43507
0.37455
0.62135
0.43706
0.51518
0.21788
0.34135
0.54776
0.35433
0.55638
0.38324
0.42439
0.40291
0.29434
0.51743
0.41594
0.60327
0.69855
0.5817
0.64913
0.48955
0.47453
0.094274
0.66285
0.32264
0.52975
0.58362
0.50746
0.27192
0.41491
0.5428
0.50595
0.6702
0.4457
0.73595
0.37773
0.67208
0.75639
0.51071
0.088742
0.33151
0.46804
0.45667
0.59289
0.4525
0.5295
0.59219
0.6349
0.3227
0.46998
0.45268
0.53313
0.52787
0.65706
0.59151
0.43172
0.3515
0.76577
0.51373
0.58271
0.44965
0.32631
0.63874
0.34069
0.6019
0.58735
0.034693
0.4305
0.38607
0.46297
0.37953
0.47659
0.69261
0.30151
0.31113
0.47219
0.67307
0.65288
0.55972
0.44589
0.61126
0.29714
0.43363
0.50799
0.57166
0.4888
0.55915
0.34618
0.3607
0.61132
0.31598
0.49619
0.14323
0.65515
0.64266
0.61145
0.58668
0.49201
0.53681
0.50154
0.44225
0.36383
0.75875
0.52626
0.42331
0.36368
0.55862
0.43885
0.24048
0.47938
0.5597
0.69696
0.67842
0.65833
0.22655
0.51596
0.77967
0.56932
0.58406
0.39304
0.49075
0.5253
0.55197
0.56414
0.48299
0.36225
0.51249
0.67115
0.46937
0.38512
0.31775
0.56321
0.48803
0.4149
0.54539
0.58951
0.6266
0.36028
0.38796
0.5937
0.54734
0.48864
0.24436
0.71847
0.59469
0.63552
0.48586
0.64306
0.51825
0.60021
0.38243
0.66521
0.58947
0.45838
0.35516
0.40366
0.50708
0.72633
0.64869
0.67675
0.86003
0.69328
0.51637
0.59214
0.76005
0.46514
0.67495
0.42543
0.56332
0.54841
0.58426
0.31662
0.45541
0.69727
0.55428
0.33676
0.53349
0.48779
0.58007
0.62925
0.55625
0.61155
0.47888
0.59362
0.58076
0.70471
0.19356
0.6923
0.46005
0.52214
0.45078
0.33187
0.5985
0.30874
0.22986
0.66883
0.39011
0.66194
0.58277
0.43881
0.48838
0.54168
0.48018
0.58035
0.53305
0.46321
0.40461
0.4572
0.60395
0.59794
0.37387
0.42762
0.70167
0.64246
0.58831
0.47917
0.48964
0.4502
0.59283
0.67579
0.45099
0.3088
0.48147
0.43617
0.53106
0.72013
0.44252
0.77272
0.35377
0.28741
0.67861
0.46525
0.72357
0.43706
0.37516
0.65047
0.43827
0.88096
0.087449
0.44108
0.46767
0.64236
0.60832
0.45782
0.55599
0.59175
0.3687
0.4173
0.45143
0.70011
0.53026
0.4864
0.51444
0.39221
0.48609
0.50806
0.40681
0.35028
0.40136
0.397
0.51115
0.59478
0.52541
0.37424
0.50494
0.47422
0.68118
0.43138
0.28639
0.63606
0.48466
0.44999
0.60848
0.44134
0.37857
0.64714
0.52058
0.54661
0.37685
0.80037
0.61244
0.52327
0.46786
0.52489
0.25283
0.61883
0.67238
0.52998
0.63496
0.57093
0.51163
0.64636
0.55605
0.41712
0.56898
0.29006
0.61238
0.37003
0.40742
0.53431
0.39949
0.44083
0.49645
0.51535
0.42718
0.58857
0.34754
0.72594
0.41191
0.77307
0.4463
0.70409
0.7095
0.45747
0.30881
0.6755
0.37896
0.23159
0.45159
0.59398
0.59943
0.532
0.24232
0.50874
0.45198
0.61171
0.51074
0.77652
0.73392
0.66011
0.49093
0.39028
0.51152
0.44237
0.52463
0.36679
0.36647
0.6145
0.5721
0.34874
0.56779
0.6893
0.74386
0.1624
0.61297
0.68891
0.6723
0.44197
0.45563
0.58104
0.35119
0.49499
0.4624
0.61479
0.51108
0.33449
0.55707
0.58619
0.70461
0.54998
0.58773
0.6603
0.36571
0.73322
0.54182
0.491
0.49891
0.47349
0.58862
0.66584
0.57625
0.34417
0.55997
0.44909
0.3403
0.78695
0.3958
0.53859
0.5458
0.60249
0.23116
0.58445
0.38696
0.66241
0.36505
0.30582
0.45164
0.63913
0.40725
0.52405
0.4943
0.715
0.15014
0.57595
0.31929
0.47958
0.29618
0.50203
0.51441
0.40801
0.58287
0.39649
0.56852
0.38699
0.27708
0.53594
0.3522
0.44668
0.5235
0.58066
0.45533
0.49209
0.60777
0.69746
0.66778
0.43652
0.332
0.36005
0.57657
0.41049
0.93762
0.52625
0.50027
0.46871
0.37156
0.60264
0.46322
0.58135
0.58152
0.64389
0.61218
0.55866
0.67195
0.72403
0.55051
0.51826
0.68768
0.35104
0.40435
0.75645
0.5163
0.40836
0.64055
0.63852
0.41211
0.55717
0.62806
0.36297
0.3668
0.55895
0.24077
0.73713
0.56174
0.44552
0.41465
0.50065
0.27134
0.19746
0.34255
0.3028
0.47124
0.53465
0.52833
0.64363
0.47318
0.34927
0.49831
0.28383
0.55204
0.80659
0.4263
0.60275
0.47301
0.28341
0.52843
0.78803
0.81178
0.32181
0.66047
0.47748
0.66932
0.52931
0.38367
0.49882
0.60519
0.41728
0.70453
0.4416
0.47316
0.28744
0.48327
0.37714
0.52326
0.22789
0.57503
0.38991
0.44702
0.41617
0.64995
0.599
0.25876
0.61134
0.3627
0.21556
0.31362
0.39232
0.48513
0.53999
0.36717
0.50259
0.38062
0.68635
0.61674
0.37404
0.50931
0.44497
0.35446
0.43591
0.70998
0.56442
0.54355
0.58955
0.6713
0.42318
0.4932
0.57024
0.54984
0.38439
0.43533
0.23411
0.57208
0.45873
0.35978
0.48315
0.48776
0.49664
0.54066
0.56986
0.48653
0.49679
0.58893
0.60966
0.54424
0.3727
0.32901
0.49597
0.55614
0.61565
0.56141
0.27868
0.53489
0.3739
0.45362
0.2245
0.52364
0.63162
0.36233
0.36604
0.5459
0.75722
0.43117
0.41361
0.57059
0.43
0.37805
0.75557
0.64699
0.49522
0.52092
0.41573
0.19925
0.33862
0.36233
0.33577
0.56717
0.66655
0.47913
0.57445
0.23966
0.74994
0.63414
0.52975
0.66119
0.50217
0.55056
0.6987
0.46725
0.33336
0.4114
0.5363
0.52875
0.66416
0.50593
0.37978
0.66871
0.45924
0.31727
0.49856
0.40018
0.70463
0.69771
0.66656
0.63663
0.51802
0.26449
0.37407
0.64128
0.57001
0.7642
0.2593
0.62306
0.39841
0.55956
0.37417
0.34117
0.55949
0.39034
0.68377
0.34643
0.3559
0.37185
0.55828
0.49106
0.57547
0.33088
0.68398
0.20555
0.37849
0.48519
0.55688
0.57203
0.69309
0.54082
0.43833
0.52244
0.58858
0.4488
0.39238
0.27449
0.5338
0.41166
0.3946
0.45111
0.56693
0.45214
0.62295
0.52436
0.43195
0.34845
0.54988
0.26485
0.49716
0.7614
0.37231
0.41627
0.31825
0.37444
0.81212
0.33489
0.62094
0.59803
0.91025
0.59
0.52628
0.64629
0.37023
0.35212
0.55129
0.15123
0.47554
0.54997
0.31937
0.32109
0.66414
0.5715
0.67382
0.60025
0.44255
0.51275
0.55107
0.38106
0.48287
0.46143
0.64022
0.73899
0.33585
0.57435
0.25088
0.39847
0.70656
0.51485
0.64268
0.6019
0.6979
0.68427
0.23636
0.48856
0.78861
0.35913
0.32845
0.78606
0.35813
0.38525
0.32016
0.46774
0.45953
0.50397
0.50866
0.47651
0.53629
0.29833
0.34394
0.46907
0.3273
0.31067
0.45406
0.51748
0.40426
0.46378
0.55631
0.35177
0.42836
0.48004
0.43479
0.36074
0.54002
0.16816
0.57305
0.43831
0.59558
0.39455
0.6182
0.5386
0.54259
0.59256
0.53977
0.55129
0.55529
0.63813
0.66149
0.59566
0.63643
0.58051
0.47441
0.48335
0.60469
0.32234
0.50751
0.53692
0.19191
0.45122
0.33017
0.3405
0.52361
0.44683
0.43256
0.6415
0.36163
0.59212
0.23648
0.39301
0.52006
0.19399
0.41801
0.62985
0.73473
0.36824
0.43473
0.32419
0.53633
0.37949
0.57983
0.4921
0.60563
0.61712
0.85363
0.43469
0.60043
0.68472
0.51538
0.49698
0.33362
0.4163
0.16033
0.39658
0.50008
0.46236
0.47358
0.59602
0.59892
0.55324
0.2982
0.59518
0.32931
0.50166
0.39436
0.64872
0.67911
0.55426
0.70208
0.31614
0.5879
0.55478
0.56569
0.52766
0.42359
0.64046
0.52727
0.72803
0.46785
0.68678
0.48848
0.50077
0.68574
0.4641
0.32393
0.84572
0.50927
0.43208
0.64131
0.39241
0.3043
0.47093
0.24272
0.63598
0.59385
0.57488
0.4739
0.42108
0.61112
0.52276
0.35633
0.83599
0.63849
0.41814
0.42326
0.5797
0.49318
0.46736
0.40101
0.5282
0.16188
0.48661
0.49839
0.80861
0.53115
0.51497
0.37087
0.43875
0.49543
0.57332
0.40728
0.60964
0.49106
0.55009
0.44367
0.44826
0.48257
0.47556
0.65599
0.27873
0.56516
0.52562
0.5352
0.41897
0.3864
0.52461
0.19923
0.56812
0.49279
0.63615
0.57071
0.59651
0.32704
0.4663
0.50189
0.47968
0.38658
0.43851
0.32324
0.37942
0.37658
0.33665
0.59306
0.98656
0.39221
0.50643
0.47619
0.79202
0.44575
0.62873
0.34951
0.3419
0.45073
0.27131
0.62063
0.69046
0.56069
0.48164
0.44701
0.62348
0.57156
0.58782
0.64461
0.39544
0.50426
0.56935
0.49729
0.26897
0.51336
0.60194
0.32959
0.44222
0.39065
0.55246
0.36576
0.45102
0.48847
0.47235
0.56313
0.17087
0.828
0.61865
0.34576
0.61192
0.56913
0.7072
0.52697
0.34841
0.68936
0.55507
0.53344
0.6744
0.31112
0.39737
0.67765
0.52504
0.43536
0.34648
0.3061
0.47675
0.39932
0.56028
0.42317
0.3167
0.29373
0.28116
0.38189
0.45185
0.62865
0.43694
0.4717
0.38643
0.59154
0.64098
0.42502
0.49523
0.66389
0.80834
0.38221
0.61531
0.48821
0.42407
0.36954
0.47969
0.52783
0.56087
0.5005
0.35007
0.41675
0.55556
0.31118
0.56217
0.50743
0.42231
0.30911
0.47869
0.66563
0.51812
0.61582
0.40711
0.60021
0.27135
0.36654
0.36728
0.53536
0.64443
0.51383
0.54037
0.45882
0.58323
0.58972
0.41491
0.4609
0.22962
0.52341
0.34771
0.60691
0.36137
0.53794
0.39879
0.42501
0.49044
0.63213
0.70803
0.64533
0.4964
0.53689
0.51969
0.34801
0.47873
0.1687
0.60453
0.54711
0.59969
0.55726
0.57929
0.52749
0.69845
0.37137
0.42958
0.45454
0.57714
0.70962
0.83886
0.52191
0.32986
0.35839
0.62721
0.65582
0.54991
0.45626
0.68447
0.484
0.25448
0.5082
0.57453
0.50458
0.40149
0.64835
0.42874
0.28062
0.41485
0.4553
0.56531
0.34571
0.38063
0.51482
0.299
0.49928
0.56862
0.73354
0.52374
0.73752
0.28448
0.59985
0.50843
0.48977
0.5339
0.72712
0.45611
0.53137
0.37727
0.61976
0.50412
0.69443
0.54891
0.46452
0.50506
0.35317
0.66599
0.51773
0.54935
0.62676
0.51431
0.39458
0.48883
0.5584
0.24038
0.52391
0.72801
0.34687
0.71586
0.5533
0.50389
0.4991
0.17598
0.49505
0.43232
0.28606
0.32524
0.54978
0.50719
0.37791
0.4296
0.53766
0.49567
0.41198
0.52344
0.62447
0.48324
0.6154
0.41914
0.64494
0.93199
0.26228
0.73207
0.54246
0.61019
0.42966
0.32584
0.38998
0.40863
0.55882
0.51839
0.51457
0.56477
0.65593
0.38733
0.43713
0.51753
0.40884
0.56046
0.44262
0.4954
0.40424
0.36657
0.5402
0.43321
0.5029
0.58275
0.48792
0.6546
0.52025
0.51057
0.85053
0.72799
0.47353
0.5987
0.44874
0.60885
0.61881
0.78714
0.61615
0.2601
0.38343
0.46768
0.58765
0.37578
0.565
0.673
0.43877
0.56272
0.67472
0.29086
0.47129
0.34493
0.43854
0.38641
0.75367
0.34418
0.39313
0.57437
0.42106
0.41809
0.50268
0.50963
0.5883
0.4525
0.40826
0.6685
0.61917
0.34767
0.57277
0.62465
0.67909
0.47956
0.52803
0.60956
0.55971
0.72473
0.44751
0.37732
0.37555
0.35555
0.54472
0.42012
0.066732
0.34255
0.5592
0.6038
0.4585
0.42238
0.4838
0.47002
0.13546
0.35896
0.65351
0.69149
0.60373
0.27328
0.48307
0.54199
0.4279
0.54861
0.058505
0.41722
0.38537
0.58156
0.20267
0.38918
0.42254
0.58433
0.28521
0.42466
0.35553
0.85039
0.5813
0.82386
0.20625
0.57252
0.32347
0.36328
0.58404
0.38962
0.61652
0.34073
0.68587
0.4247
0.64993
0.77085
0.53521
0.55067
0.62293
0.39524
0.41441
0.57913
0.32066
0.46341
0.83277
0.52891
0.29001
0.43704
0.77352
0.4839
0.44419
0.3858
0.41854
0.51979
0.45047
0.5409
0.88404
0.43591
0.64926
0.58708
0.43927
0.51052
0.51161
0.55878
0.40297
0.31912
0.53686
0.42559
0.50376
0.56163
0.46874
0.39513
0.72096
0.44058
0.49933
0.57965
0.24863
0.59466
0.73587
0.61158
0.55016
0.48893
0.22917
0.50164
0.49499
0.29998
0.50183
0.52867
0.52219
0.68109
0.68358
0.51804
0.31607
0.59248
0.44201
0.30973
0.64106
0.47725
0.55001
0.48236
0.44816
0.17826
0.38517
0.37601
0.44427
0.78415
0.4657
0.55818
0.50371
0.52693
0.31541
0.71944
0.67246
0.59778
0.33683
0.62458
0.63983
0.34617
0.71421
0.29012
0.48417
0.55623
0.68112
0.49709
0.59632
0.36955
0.50705
0.37995
0.53941
0.32642
0.24043
0.49335
0.71049
0.61291
0.43694
0.48792
0.54316
0.31542
0.48642
0.31706
0.29126
0.4451
0.42828
0.55686
0.50248
0.37543
0.43856
0.3977
0.38573
0.23026
0.79534
0.59568
0.46815
0.32178
0.62593
0.48867
0.64855
0.32278
0.54675
0.39284
0.38228
0.4208
0.44465
0.64297
0.55975
0.74374
0.66343
0.3937
0.70219
0.57523
0.54398
0.61575
0.55543
0.49844
0.37125
0.5373
0.39301
0.31796
0.46011
0.5344
0.63374
0.24844
0.73706
0.64573
0.70176
0.65634
0.45228
0.32284
0.59768
0.62073
0.41955
0.45749
0.53606
0.65056
0.3013
0.2273
0.21246
0.38995
0.58256
0.45207
0.32055
0.50677
0.48426
0.23382
0.48834
0.41022
0.30133
0.69053
0.50593
0.30308
0.56303
0.53871
0.49268
0.86913
0.59962
0.37691
0.39413
0.42141
0.56865
0.6072
0.56122
0.54196
0.22482
0.37328
0.55227
0.59483
0.36383
0.36696
0.31867
0.77131
0.56663
0.48446
0.45269
0.55016
0.38259
0.64727
0.54071
0.49848
0.26533
0.40614
0.57185
0.43532
0.52591
0.57183
0.45754
0.52513
0.50659
0.41548
0.5637
0.38427
0.5229
0.37391
0.56967
0.56001
0.46252
0.5183
0.62108
0.62045
0.55485
0.24222
0.44553
0.2704
0.43956
0.6345
0.67694
0.79224
0.43468
0.48374
0.65642
0.77306
0.53093
0.56817
0.48515
0.57439
0.40985
0.61578
0.53122
0.4918
0.28915
0.54333
0.47197
0.29622
0.57457
0.69732
0.59713
0.54047
0.58248
0.54296
0.87454
0.55986
0.71297
0.19577
0.64544
0.65517
0.6598
0.65009
0.55067
0.48236
0.56157
0.50111
0.66885
0.50209
0.42364
0.539
0.56946
0.31629
0.46553
0.37036
0.52177
0.40996
0.59327
0.38108
0.4367
0.40729
0.35981
0.37948
0.79381
0.56087
0.38506
0.44866
0.39747
0.62316
0.56166
0.55587
0.66757
0.49837
0.74694
0.29247
0.41968
0.40441
0.50565
0.33121
0.52224
0.58137
0.49488
0.4246
0.4985
0.5815
0.42585
0.47526
0.2925
0.77619
0.55215
0.50729
0.36454
0.32764
0.55388
0.32717
0.56571
0.36141
0.43103
0.63441
0.318
0.21378
0.65785
0.49697
0.51861
0.52479
0.62839
0.60495
0.59705
0.29898
0.41894
0.61111
0.46545
0.59205
0.50164
0.59791
0.38101
0.51168
0.37052
0.38156
0.61416
0.4744
0.33419
0.56479
0.50662
0.45656
0.29314
0.27291
0.69907
0.76873
0.39042
0.65734
0.55693
0.69561
0.34899
0.29529
0.54037
0.5145
0.41759
0.50981
0.35917
0.46325
0.54382
0.32859
0.53252
0.46171
0.76824
0.65197
0.51512
0.31784
0.31258
0.2295
0.6402
0.47443
0.35131
0.33914
0.75477
0.49038
0.30418
0.53051
0.38537
0.17182
0.45564
0.36577
0.59768
0.66096
0.70059
0.52939
0.40707
0.54357
0.60176
0.28909
0.50385
0.67441
0.62768
0.39387
0.1768
0.51335
0.52733
0.63844
0.33569
0.38705
0.55252
0.58954
0.65269
0.73933
0.44991
0.43649
0.4402
0.48035
0.585
0.4025
0.54859
0.54355
0.51814
0.6396
0.32147
0.55528
0.22833
0.72307
0.41978
0.40992
0.35422
0.60895
0.50342
0.55352
0.3373
0.10409
0.34527
0.48469
0.33977
0.43318
0.55317
0.63242
0.45547
0.50473
0.47604
0.43849
0.26303
0.60819
0.31076
0.6796
0.67486
0.32352
0.49461
0.46161
0.18067
0.32183
0.67416
0.43123
0.34303
0.61748
0.33412
0.63689
0.56705
0.65346
0.67498
0.54414
0.49003
0.57033
0.58807
0.46634
0.41722
0.58536
0.38062
0.54261
0.40114
0.51895
0.78082
0.36916
0.4924
0.58718
0.46012
0.48343
0.66293
0.44025
0.6715
0.52033
0.73588
0.6008
0.45869
0.32293
0.40113
0.56501
0.43798
0.3542
0.58626
0.55432
0.60127
0.43322
0.62254
0.37216
0.36548
0.66314
0.34239
0.64156
0.4351
0.38416
0.67382
0.33749
0.41921
0.18893
0.35016
0.59564
0.38987
0.56483
0.71411
0.39473
0.32832
0.42966
0.40036
0.72331
0.65513
0.41318
0.52735
0.69296
0.4416
0.65459
0.55106
0.52923
0.39073
0.43939
0.37834
0.46607
0.3546
0.55199
0.34797
0.52828
0.45034
0.30022
0.51746
0.27331
0.25418
0.39521
0.41107
0.2701
0.45727
0.48453
0.46423
0.23376
0.55838
0.28642
0.68846
0.63245
0.35577
0.43178
0.50511
0.55901
0.66941
0.54647
0.59428
0.53351
0.71713
0.39875
0.42383
0.55284
0.65564
0.30519
0.46714
0.75656
0.47943
0.40434
0.67991
0.47402
0.2616
0.54619
0.45518
0.57055
0.54564
0.54402
0.37562
0.53361
0.50779
0.48349
0.56286
0.49002
0.24928
0.42114
0.76305
0.51405
0.65102
0.38611
0.59169
0.46796
0.56435
0.53702
0.35846
0.27317
0.47048
0.73818
0.50402
0.31614
0.54176
0.50687
0.41739
0.23802
0.49542
0.71463
0.33532
0.40904
0.3691
0.43376
0.49416
0.7206
0.48063
0.54083
0.47844
0.45565
0.36808
0.56297
0.40394
0.52086
0.37739
0.27857
0.39689
0.80644
0.2864
0.49431
0.78178
0.46013
0.5005
0.61295
0.50799
0.49732
0.46713
0.67208
0.42038
0.38654
0.32733
0.6047
0.67012
0.51276
0.74589
0.53461
0.68452
0.48775
0.25424
0.56014
0.41056
0.47048
0.70251
0.33189
0.46394
0.46609
0.30609
0.43425
0.59824
0.42495
0.44688
0.29066
0.37827
0.44206
0.455
0.302
0.40435
0.47608
0.55751
0.82976
0.69107
0.35167
0.60674
0.8169
0.46829
0.64999
0.52382
0.67618
0.3568
0.71078
0.26074
0.68483
0.49654
0.4857
0.36356
0.47405
0.61072
0.61656
0.34876
0.43738
0.53839
0.30255
0.46145
0.36229
0.64715
0.52511
0.51194
0.4822
0.45585
0.57763
0.1913
0.29129
0.43361
0.61716
0.44046
0.45137
0.38706
0.25411
0.53946
0.60938
0.38929
0.61352
0.43051
0.54694
0.38617
0.5397
0.28442
0.21628
0.3221
0.82809
0.45016
0.41781
0.18598
0.37474
0.58719
0.66668
0.5258
0.53763
0.5124
0.62482
0.49014
0.52264
0.37981
0.5539
0.38679
0.21998
0.41862
0.58473
0.40853
0.37809
0.55892
0.47719
0.38136
0.53191
0.57011
0.43867
0.33584
0.42227
0.2478
0.58383
0.55814
0.38976
0.57733
0.44264
0.5221
0.65237
0.4127
0.15503
0.68337
0.55625
0.53365
0.66307
0.44999
0.49818
0.3361
0.5161
0.59673
0.44002
0.19179
0.42256
0.41614
0.80768
0.46262
0.5505
0.45006
0.33822
0.56522
0.59867
0.26068
0.22729
0.56003
0.51012
0.5574
0.39527
0.29421
0.25201
0.56341
0.51493
0.30651
0.29122
0.69291
0.48383
0.42717
0.37323
0.68714
0.66819
0.44477
0.51793
0.47325
0.75371
0.46061
0.69996
0.31917
0.59623
0.43915
0.67293
0.66289
0.57838
0.57391
0.30801
0.27829
0.55025
0.39911
0.58005
0.45913
0.50032
0.36307
0.44255
0.40751
0.40578
0.27839
0.73044
0.55373
0.51139
0.6366
0.37193
0.34856
0.43204
0.45803
0.50551
0.52786
0.52636
0.50011
0.5773
0.25763
0.58584
0.5695
0.49388
0.38689
0.42077
0.64238
0.34173
0.61163
0.49466
0.61217
0.44827
0.56463
0.2676
0.50934
0.42386
0.2482
0.61974
0.4798
0.51391
0.61602
0.64452
0.64371
0.62785
0.57124
0.48562
0.37948
0.51596
0.71079
0.60966
0.37051
0.57667
0.48717
0.43529
0.44903
0.52986
0.38466
0.47545
0.50109
0.68723
0.48731
0.7023
0.40876
0.5147
0.52255
0.51596
0.33867
0.34379
0.40396
0.45133
0.31529
0.45874
0.41458
0.60302
0.59986
0.6279
0.38178
0.58085
0.49917
0.13559
0.52991
0.23311
0.57522
0.63121
0.34309
0.6885
0.43666
0.50826
0.35116
0.40138
0.685
0.54731
0.32813
0.61089
0.40065
0.32065
0.30869
0.38701
0.67032
0.62141
0.37814
0.61213
0.53132
0.43462
0.45678
0.25749
0.49139
0.62648
0.72705
0.60717
0.63748
0.5595
0.56497
0.72424
0.28158
0.6478
0.49095
0.35458
0.46963
0.58268
0.55418
0.33671
0.56132
0.43391
0.61365
0.45932
0.76267
0.43415
0.38514
0.49964
0.54986
0.41554
0.4912
0.53117
0.56297
0.54066
0.56141
0.33937
0.56752
0.41558
0.41014
0.67024
0.45578
0.47231
0.304
0.53526
0.3215
0.63012
0.52623
0.4768
0.44428
0.35791
0.65438
0.53588
0.27349
0.3187
0.38915
0.43508
0.63026
0.65729
0.61994
0.62817
0.65093
0.69489
0.48964
0.32738
0.57467
0.57146
0.4446
0.8359
0.45783
0.42893
0.21396
0.59685
0.25775
0.45973
0.41847
0.52534
0.52853
0.66189
0.5728
0.64384
0.53286
0.47759
0.46536
0.46227
0.48556
0.39429
0.38526
0.29575
0.5075
0.32573
0.50942
0.57376
0.55614
0.20162
0.48794
0.23001
0.26965
0.37409
0.35278
0.43468
0.56339
0.45279
0.61486
0.28465
0.71599
0.55789
0.41368
0.59072
0.25392
0.60352
0.30992
0.61965
0.57518
0.67806
0.54853
0.64189
0.72876
0.52614
0.53513
0.64207
0.56896
0.56154
0.66156
0.50771
0.62216
0.46326
0.66742
0.52283
0.42592
0.45061
0.43385
0.27518
0.56231
0.63941
0.5137
0.39711
0.52142
0.26668
0.67106
0.4711
0.43529
0.48718
0.60808
0.53832
0.68047
0.49429
0.60817
0.46169
0.39908
0.37381
0.65855
0.66544
0.51373
0.59688
0.50552
0.74572
0.71613
0.54063
0.5156
0.38713
0.29753
0.43432
0.70354
0.66922
0.37991
0.52275
0.57848
0.75263
0.6473
0.3241
0.62152
0.58085
0.45706
0.68729
0.51084
0.57653
0.41888
0.42857
0.45249
0.29911
0.48716
0.67623
0.74456
0.66778
0.50485
0.18052
0.61475
0.4239
0.47935
0.43371
0.53707
0.70676
0.53292
0.36535
0.51362
0.54856
0.45941
0.6887
0.60103
0.59515
0.32829
0.46345
0.53417
0.22193
0.55079
0.30341
0.54125
0.55689
0.40369
0.62836
0.5928
0.49471
0.44765
0.78789
0.51034
0.5791
0.77702
0.5864
0.50895
0.43092
0.62317
0.61931
0.81455
0.38235
0.30674
0.61186
0.57833
0.27382
0.55104
0.40078
0.37066
0.46947
0.46999
0.57357
0.30845
0.77199
0.51952
0.55432
0.31613
0.69224
0.56988
0.57854
0.7241
0.381
0.59651
0.65343
0.4349
0.099055
0.47851
0.54787
0.6955
0.34318
0.60233
0.6198
0.26589
0.29045
0.46798
0.38044
0.68007
0.75676
0.34985
0.43337
0.55393
0.49405
0.46839
0.4914
0.54465
0.61177
0.67304
0.50161
0.57077
0.53675
0.59765
0.31573
0.88382
0.46699
0.5012
0.45886
0.54645
0.58322
0.48411
0.42788
0.6147
0.36625
0.50796
0.55471
0.81362
0.71238
0.52695
0.45827
0.52339
0.40648
0.52847
0.39895
0.33412
0.54485
0.31797
0.55936
0.57044
0.31746
0.49791
0.3542
0.50627
0.44887
0.51489
0.5061
0.48536
0.44279
0.48026
0.57647
0.48365
0.44139
0.69834
0.56971
0.60154
0.27016
0.43414
0.54124
0.49169
0.35075
0.55399
0.61909
0.35028
0.53324
0.29306
0.57088
0.63503
0.52363
0.57189
0.50284
0.49159
0.71204
0.76224
0.58012
0.5262
0.34505
0.59116
0.43257
0.32422
0.61064
0.61602
0.61963
0.27297
0.64596
0.60077
0.59226
0.52899
0.62072
0.68281
0.62596
0.66049
0.15695
0.55531
0.37574
0.25434
0.45953
0.52274
0.51094
0.64155
0.69378
0.5219
0.49372
0.50296
0.37642
0.31303
0.48518
0.65858
0.38895
0.32753
0.36703
0.46869
0.38065
0.72564
0.56558
0.71039
0.49795
0.45553
0.57541
0.32364
0.3696
0.63659
0.52355
0.31381
0.50118
0.38185
0.27957
0.43297
0.2854
0.48126
0.83598
0.4417
0.30684
0.65191
0.43598
0.60944
0.47564
0.39551
0.55479
0.45009
0.33527
0.48419
0.22969
0.49722
0.6004
0.3519
0.38999
0.377
0.75359
0.53288
0.40966
0.68778
0.38248
0.67603
0.62449
0.4401
0.59692
0.47607
0.70562
0.53784
0.63544
0.57591
0.53813
0.39561
0.79014
0.33646
0.20577
0.70482
0.6872
0.44266
0.60934
0.42252
0.33514
0.3279
0.44126
0.46117
0.49756
0.52318
0.71873
0.85783
0.50093
0.53862
0.51172
0.59976
0.3827
0.44281
0.48035
0.64667
0.52804
0.53432
0.58676
0.61704
0.34541
0.35718
0.45802
0.64781
0.5424
0.54104
0.54178
0.51357
0.40897
0.71682
0.56938
0.44767
0.46694
0.3796
0.50636
0.23888
0.78432
0.55873
0.42388
0.45063
0.5382
0.2791
0.47363
0.29065
0.58416
0.45233
0.57029
0.51657
0.52939
0.7376
0.17431
0.52668
0.66513
0.42605
0.61804
0.67252
0.77273
0.68001
0.29031
0.14296
0.61739
0.49311
0.44409
0.54769
0.78285
0.42222
0.60057
0.68948
0.61501
0.44826
0.43288
0.47222
0.34191
0.615
0.62694
0.66958
0.36793
0.43114
0.56143
0.4932
0.42494
0.3605
0.24646
0.37143
0.67776
0.35772
0.51335
0.52731
0.70063
0.53057
0.66601
0.79183
0.23897
0.659
0.59905
0.38284
0.60444
0.6335
0.70936
0.48408
0.79239
0.6185
0.54432
0.31316
0.78542
0.45998
0.47688
0.44115
0.67687
0.3657
0.47303
0.53717
0.59746
0.35776
0.56204
0.58425
0.25553
0.49648
0.4207
0.48699
0.45491
0.49767
0.75788
0.53879
0.47516
0.42895
0.60731
0.3375
0.42282
0.55739
0.43298
0.4509
0.44988
0.20635
0.5558
0.63905
0.43137
0.24169
0.56732
0.52015
0.35615
0.58851
0.29091
0.64832
0.60533
0.4141
0.7217
0.33474
0.43974
0.51312
0.61389
0.73507
0.37564
0.36672
0.44493
0.42275
0.50679
0.72976
0.50774
0.44086
0.74232
0.53183
0.60772
0.56816
0.67062
0.49581
0.45942
0.55474
0.55322
0.45854
0.3667
0.50904
0.46368
0.49527
0.3251
0.4297
0.65611
0.063597
0.41777
0.60168
0.66357
0.52043
0.3502
0.61099
0.55074
0.66972
0.69662
0.44056
0.44829
0.68725
0.36988
0.21847
0.48328
0.29332
0.45073
0.52833
0.42987
0.50269
0.54416
0.62134
0.60544
0.51322
0.62283
0.68208
0.55048
0.44777
0.49986
0.56128
0.39836
0.42958
0.4288
0.4948
0.53718
0.52974
0.50713
0.51986
0.6865
0.58889
0.43036
0.69307
0.58073
0.32276
0.52285
0.70934
0.41411
0.5727
0.80747
0.21986
0.4416
0.60076
0.71604
0.6134
0.72179
0.44677
0.4347
0.67448
0.31414
0.75542
0.44592
0.38812
0.44838
0.4639
0.27643
0.52823
0.45056
0.59915
0.48353
0.43641
0.56506
0.41121
0.43999
0.523
0.3881
0.45492
0.42758
0.41742
0.39416
0.50733
0.45752
0.33862
0.32418
0.17738
0.63256
0.74648
0.6949
0.41565
0.30997
0.43123
0.4293
0.65146
0.29367
0.57938
0.36528
0.62424
0.84958
0.44806
0.69302
0.3065
0.64895
0.36829
0.39063
0.54637
0.4319
0.6815
0.37688
0.43372
0.47296
0.35183
0.40678
0.59262
0.57669
0.46278
0.34698
0.21945
0.56168
0.34974
0.4885
0.66731
0.70534
0.65441
0.20413
0.54847
0.37833
0.3175
0.34772
0.46886
0.65857
0.2701
0.51477
0.55944
0.34433
0.38375
0.71591
0.43719
0.33661
0.25255
0.61556
0.1455
0.5531
0.31071
0.38191
0.60286
0.51224
0.59902
0.48556
0.26579
0.56063
0.48098
0.52057
0.42916
0.4295
0.33426
0.46805
0.66097
0.49863
0.6775
0.57654
0.34436
0.63422
0.36964
0.45568
0.38353
0.47519
0.67773
0.72923
0.56838
0.3095
0.37894
0.4939
0.43788
0.62161
0.57091
0.73843
0.44547
0.39894
0.33497
0.4377
0.46277
0.90101
0.49808
0.71661
0.4661
0.64429
0.50545
0.62211
0.64307
0.36867
0.77843
0.51463
0.65588
0.33006
0.52982
0.52577
0.64338
0.51152
0.53995
0.37928
0.72953
0.51696
0.48387
0.56068
0.45602
0.6471
0.6028
0.70364
0.54478
0.34252
0.63496
0.58891
0.61358
0.36029
0.51655
0.30506
0.52042
0.4751
0.56699
0.53783
0.44471
0.52642
0.21858
0.64743
0.46899
0.55494
0.44392
0.36049
0.32943
0.80115
0.45736
0.46656
0.57982
0.45927
0.58448
0.63954
0.37174
0.40799
0.50055
0.47755
0.45368
0.42168
0.38826
0.1321
0.31352
0.47313
0.59046
0.64924
0.7415
0.47545
0.5943
0.40497
0.59416
0.59003
0.58529
0.58719
0.23615
0.63177
0.53244
0.40468
0.58645
0.61557
0.43322
0.58751
0.54785
0.41708
0.47826
0.47624
0.53217
0.55193
0.36767
0.43121
0.46928
0.31739
0.39538
0.69794
0.36982
0.53117
0.36159
0.43413
0.32269
0.30963
0.62762
0.54636
0.48676
0.5422
0.47397
0.43428
0.63386
0.52062
0.70093
0.38167
0.61946
0.58761
0.43704
0.48544
0.60465
0.72986
0.53451
0.21405
0.46526
0.39177
0.50383
0.2
0.4428
0.72645
0.49429
0.47726
0.51203
0.30879
0.59273
0.36186
0.65021
0.52324
0.44788
0.66285
0.41665
0.21507
0.52844
0.65827
0.20509
0.4004
0.63134
0.44568
0.29963
0.6398
0.51312
0.70731
0.39543
0.3934
0.59981
0.47923
0.65173
0.35606
0.62694
0.33002
0.60289
0.72301
0.5145
0.49178
0.26159
0.37103
0.55733
0.72575
0.62497
0.62956
0.48972
0.55123
0.61737
0.79364
0.68013
0.51526
0.32168
0.2655
0.54523
0.86186
0.22262
0.31274
0.28796
0.87238
0.47746
0.2873
0.40475
0.15234
0.33316
0.59751
0.60002
0.45901
0.49687
0.71448
0.4287
0.73469
0.33621
0.41126
0.4772
0.34858
0.65144
0.84956
0.26284
0.82679
0.46286
0.3513
0.35602
0.54721
0.5683
0.51802
0.42288
0.40609
0.41848
0.58417
0.51156
0.34545
0.43035
0.39612
0.58955
0.28677
0.64543
0.67068
0.35287
0.2479
0.5274
0.70295
0.43088
0.55612
0.28377
0.63362
0.32804
0.30802
0.5238
0.37466
0.31774
0.75313
0.56502
0.59912
0.37584
0.56269
0.52533
0.60397
0.63659
0.57071
0.65487
0.44692
0.44589
0.52477
0.45682
0.55684
0.44757
0.59173
0.49986
0.29709
0.79586
0.4816
0.29385
0.78543
0.35502
0.36475
0.37637
0.67088
0.26869
0.44229
0.48795
0.45574
0.41613
0.46624
0.14494
0.3478
0.47695
0.43856
0.56647
0.46247
0.33342
0.68491
0.47343
0.5005
0.61246
0.2773
0.46493
0.25721
0.47899
0.51635
0.30153
0.27519
0.61547
0.45042
0.34481
0.68636
0.49768
0.57277
0.50824
0.69064
0.68676
0.45122
0.55205
0.30102
0.53435
0.53172
0.38507
0.48184
0.56215
0.32028
0.3632
0.62938
0.51952
0.54325
0.51412
0.83823
0.39627
0.63031
0.53978
0.47158
0.48558
0.32323
0.55289
0.55737
0.32916
0.55822
0.3385
0.21726
0.76786
0.33679
0.58274
0.28621
0.30927
0.38478
0.40959
0.52473
0.6087
0.60657
0.47392
0.53864
0.43814
0.42539
0.42476
0.43335
0.42422
0.56559
0.47548
0.34063
0.56734
0.72295
0.62815
0.76559
0.68251
0.24785
0.45956
0.46933
0.46121
0.42669
0.43297
0.49838
0.44189
0.50183
0.41992
0.63481
0.41528
0.46959
0.42402
0.50758
0.36537
0.52482
0.63116
0.54304
0.3726
0.49285
0.74536
0.54756
0.56141
0.54495
0.64766
0.48068
0.56979
0.70944
0.62688
0.39071
0.57422
0.37364
0.35854
0.63094
0.40764
0.3492
0.58343
0.42913
0.71332
0.54176
0.35364
0.73396
0.61723
0.64916
0.55744
0.54547
0.67846
0.49935
0.7391
0.62775
0.66274
0.60157
0.33016
0.38003
0.41419
0.55308
0.55077
0.69286
0.53518
0.49395
0.37845
0.34705
0.52885
0.59146
0.60521
0.45916
0.70469
0.50858
0.46478
0.58811
0.28522
0.40191
0.57832
0.2399
0.65874
0.62411
0.40164
0.74014
0.59249
0.31869
0.46063
0.37493
0.49919
0.34646
0.43894
0.48271
0.74642
0.78334
0.48178
0.42123
0.61451
0.58115
0.56359
0.5148
0.55039
0.37803
0.59749
0.80749
0.60473
0.70245
0.72199
0.76277
0.50791
0.57145
0.54299
0.46985
0.54288
0.70601
0.53791
0.56123
0.48082
0.39818
0.50384
0.30866
0.6357
0.61368
0.56607
0.72108
0.43075
0.61772
0.60383
0.39301
0.62287
0.65228
0.79713
0.63738
0.54811
0.43841
0.41268
0.61903
0.018685
0.39721
0.62465
0.48683
0.45838
0.48323
0.60508
0.55224
0.65375
0.53071
0.55093
0.59058
0.58048
0.35426
0.40927
0.60324
0.6445
0.41752
0.33556
0.20302
0.35766
0.37196
0.6252
0.46278
0.34976
0.64868
0.28523
0.57991
0.40247
0.43669
0.59144
0.42378
0.62507
0.30971
0.39053
0.57035
0.27133
0.47759
0.37435
0.38556
0.36379
0.62212
0.58298
0.45188
0.58624
0.54784
0.54271
0.53911
0.36468
0.38727
0.57692
0.57973
0.64514
0.5486
0.4672
0.39345
0.5911
0.30807
0.46302
0.70397
0.45153
0.38493
0.69851
0.4204
0.47575
0.58086
0.34454
0.3382
0.35445
0.70242
0.89397
0.49386
0.10865
0.68314
0.74897
0.39492
0.62623
0.1837
0.57456
0.71896
0.56546
0.48408
0.37384
0.33223
0.72352
0.19134
0.42074
0.46668
0.36429
0.23841
0.5237
0.59487
0.63456
0.52265
0.58659
0.51501
0.59503
0.61986
0.4551
0.5731
0.6554
0.54623
0.68601
0.48503
0.47164
0.59453
0.55262
0.48659
0.30062
0.49339
0.68495
0.39283
0.4187
0.46473
0.40562
0.56229
0.54961
0.39884
0.54133
0.63574
0.37914
0.66175
0.59063
0.49271
0.68041
0.39441
0.74218
0.61091
0.47093
0.51949
0.64061
0.54742
0.54682
0.60059
0.43159
0.5598
0.5216
0.42865
0.72132
0.67882
0.64056
0.56753
0.55635
0.54365
0.65024
0.49048
0.45312
0.59745
0.63401
0.46697
0.6903
0.40399
0.63983
0.69546
0.3977
0.49356
0.27045
0.24234
0.40989
0.55354
0.43693
0.38069
0.58966
0.5679
0.57323
0.77758
0.37882
0.34591
0.58018
0.44263
0.71156
0.41594
0.3978
0.46601
0.78491
0.50861
0.57751
0.78888
0.45469
0.57313
0.25329
0.50498
0.51763
0.41392
0.56824
0.60772
0.51478
0.57647
0.50598
0.10572
0.29619
0.79113
0.5322
0.6674
0.55417
0.3438
0.37651
0.495
0.43513
0.59814
0.68624
0.28842
0.33998
0.63423
0.50672
0.63884
0.41201
0.46175
0.38975
0.26919
0.34397
0.53722
0.54122
0.46683
0.34659
0.33291
0.23314
0.35913
0.46448
0.44419
0.23609
0.47333
0.48573
0.30091
0.6637
0.53063
0.50459
0.49021
0.53618
0.70875
0.41727
0.59265
0.36146
0.65199
0.62557
0.39544
0.39846
0.56933
0.66246
0.28752
0.47093
0.5505
0.70226
0.44784
0.62712
0.47628
0.43939
0.51174
0.48603
0.4821
0.53925
0.69791
0.060464
0.73927
0.41141
0.42212
0.31122
0.37764
0.54267
0.67878
0.45376
0.44316
0.48022
0.74229
0.63473
0.41757
0.60835
0.39615
0.55959
0.20914
0.4033
0.66441
0.29534
0.71748
0.6539
0.37368
0.448
0.22581
0.36547
0.51398
0.4085
0.3725
0.74441
0.3642
0.37382
0.5517
0.53738
0.33551
0.56474
0.40364
0.5894
0.38879
0.6
0.55368
0.61038
0.40446
0.45467
0.48225
0.4688
0.61463
0.42366
0.46359
0.56442
0.52447
0.50276
0.45992
0.6284
0.44584
0.54508
0.44971
0.40854
0.49387
0.30403
0.38315
0.49694
0.35468
0.58426
0.29415
0.45938
0.68929
0.46076
0.64632
0.33939
0.53707
0.3721
0.66797
0.57232
0.47444
0.56368
0.6547
0.5352
0.52706
0.33002
0.55217
0.44681
0.43072
0.54544
0.42731
0.70795
0.37682
0.62499
0.28836
0.38493
0.56036
0.59316
0.50332
0.55943
0.32609
0.64618
0.18719
0.4211
0.52639
0.46591
0.4902
0.72222
0.39527
0.50545
0.59082
0.37052
0.35811
0.59713
0.67092
0.41576
0.5014
0.4151
0.49264
0.57464
0.47523
0.52848
0.62141
0.5811
0.44696
0.42148
0.69515
0.54894
0.45653
0.67452
0.40241
0.67637
0.49208
0.61456
0.67828
0.63456
0.38463
0.39116
0.54063
0.63106
0.47631
0.43158
0.34235
0.62842
0.44313
0.48799
0.63299
0.7543
0.58177
0.67644
0.72087
0.60125
0.39994
0.55908
0.69587
0.51663
0.27146
0.45947
0.59809
0.68438
0.36351
0.51074
0.52588
0.52235
0.29897
0.37468
0.39356
0.27121
0.41936
0.4493
0.21831
0.3224
0.54839
0.63301
0.48592
0.46639
0.48458
0.29329
0.37445
0.25665
0.76473
0.32302
0.34199
0.20962
0.75322
0.3014
0.090219
0.63434
0.45032
0.56297
0.54734
0.57853
0.38631
0.47654
0.41136
0.4629
0.79104
0.73537
0.42507
0.55667
0.54771
0.94502
0.43741
0.59124
0.33079
0.73818
0.65285
0.63665
0.4873
0.52336
0.64782
0.42589
0.39674
0.2995
0.70769
0.53788
0.56203
0.55705
0.45111
0.40089
0.60493
0.68702
0.69226
0.80726
0.25977
0.5135
0.54092
0.52559
0.52165
0.57358
0.61923
0.57705
0.55505
0.40904
0.57039
0.37058
0.22839
0.46834
0.78403
0.38614
0.50339
0.44232
0.36143
0.51487
0.50552
0.57327
0.50288
0.53261
0.71168
0.41424
0.62972
0.40686
0.39899
0.53274
0.57053
0.40864
0.77915
0.43458
0.59707
0.59619
0.57703
0.63932
0.43168
0.52402
0.39433
0.50711
0.55397
0.64068
0.62394
0.5985
0.31509
0.65228
0.42872
0.30117
0.42159
0.41962
0.4255
0.42138
0.48827
0.24205
0.60383
0.4374
0.7254
0.60689
0.44472
0.3783
0.6099
0.513
0.40569
0.46856
0.46887
0.52919
0.46563
0.71147
0.5286
0.51805
0.63419
0.38771
0.56151
0.54893
0.44924
0.56515
0.51082
0.46416
0.40605
0.40183
0.61041
0.80618
0.64345
0.57479
0.36491
0.43172
0.52345
0.46739
0.4183
0.6968
0.3623
0.60465
0.82953
0.76901
0.49151
0.61705
0.16156
0.51227
0.41101
0.62176
0.43368
0.46364
0.79738
0.46599
0.46676
0.63634
0.27139
0.56323
0.45245
0.39426
0.56427
0.45022
0.59051
0.60649
0.23472
0.59157
0.78217
0.60088
0.45591
0.45385
0.33415
0.57339
0.40758
0.48634
0.53664
0.38076
0.51589
0.65406
0.78626
0.23881
0.62712
0.52338
0.65411
0.37014
0.093734
0.49253
0.60139
0.63447
0.52547
0.50422
0.37425
0.76085
0.46754
0.55438
0.70866
0.52595
0.63692
0.54609
0.4345
0.62165
0.6337
0.53547
0.3585
0.20293
0.4507
0.4485
0.49543
0.47107
0.5923
0.16923
0.77978
0.46018
0.41471
0.46057
0.44686
0.46466
0.57237
0.43704
0.4237
0.57027
0.63666
0.58036
0.49836
0.57226
0.59161
0.58588
0.43748
0.50641
0.4252
0.56468
0.37854
0.69552
0.43435
0.51179
0.48
0.34255
0.62929
0.51649
0.38215
0.5689
0.59481
0.36899
0.38773
0.32653
0.68203
0.50235
0.38431
0.65747
0.31542
0.46855
0.4031
0.54231
0.59268
0.55838
0.65636
0.5738
0.80046
0.46327
0.4557
0.5946
0.54179
0.47908
0.40993
0.49245
0.44254
0.44806
0.43395
0.44955
0.43821
0.26859
0.3662
0.35329
0.24696
0.72607
0.36549
0.39971
0.68833
0.43725
0.431
0.35342
0.50344
0.48684
0.67969
0.62911
0.54836
0.32171
0.45543
0.41045
0.57223
0.44306
0.38513
0.34273
0.42329
0.73294
0.42832
0.42294
0.29045
0.50827
0.4793
0.51128
0.6051
0.58318
0.57967
0.4804
0.46512
0.3299
0.61122
0.39598
0.50276
0.52172
0.67311
0.34089
0.48985
0.49574
0.53785
0.74553
0.53019
0.46047
0.23597
0.38984
0.39649
0.43933
0.44157
0.65176
0.59464
0.74795
0.48727
0.40781
0.32085
0.22481
0.43844
0.28084
0.8549
0.51525
0.40284
0.70317
0.6048
0.60756
0.7868
0.31319
0.49984
0.32989
0.64534
0.45907
0.51953
0.41743
0.39425
0.58108
0.60507
0.44928
0.44063
0.70177
0.47948
0.40672
0.57092
0.68233
0.49964
0.33441
0.47889
0.33426
0.16783
0.37125
0.3758
0.56417
0.48515
0.54636
0.65072
0.56419
0.51272
0.46949
0.58777
0.5485
0.39291
0.36641
0.41036
0.6299
0.63254
0.51152
0.53104
0.45185
0.59808
0.6047
0.49918
0.82202
0.55904
0.66644
0.51718
0.37343
0.56928
0.54163
0.33592
0.62484
0.59364
0.3649
0.54505
0.47821
0.29049
0.64928
0.72179
0.52181
0.54897
0.49102
0.37368
0.70203
0.62767
0.46285
0.58586
0.58125
0.4825
0.25738
0.50543
0.3984
0.29851
0.78973
0.49843
0.46928
0.58615
0.29653
0.28166
0.50086
0.58931
0.26628
0.30114
0.50934
0.6441
0.48196
0.37717
0.37623
0.40119
0.55824
0.37651
0.43233
0.2568
0.48557
0.61374
0.43193
0.5578
0.47433
0.38139
0.63804
0.45382
0.31695
0.50717
0.71475
0.53914
0.68616
0.45062
0.71533
0.50008
0.5874
0.44729
0.62052
0.6724
0.37185
0.54322
0.588
0.76439
0.51178
0.37434
0.58981
0.50729
0.57458
0.41327
0.41252
0.34805
0.49346
0.40888
0.19364
0.62792
0.51061
0.5608
0.62862
0.72872
0.79956
0.39879
0.36617
0.34912
0.55408
0.45326
0.77355
0.50578
0.69158
0.69879
0.75588
0.60645
0.4695
0.36186
0.58177
0.38622
0.48388
0.24497
0.59111
0.4443
0.32984
0.49904
0.42457
0.61993
0.72695
0.53807
0.43723
0.59832
0.42156
0.61497
0.30158
0.70843
0.42065
0.50863
0.50511
0.40844
0.3812
0.46714
0.48632
0.62316
0.31692
0.35358
0.63684
0.47812
0.59662
0.70791
0.72962
0.45366
0.5126
0.73256
0.4495
0.55395
0.56829
0.52808
0.57957
0.43505
0.45689
0.42849
0.63139
0.49093
0.41687
0.5509
0.34617
0.52261
0.57293
0.70854
0.65149
0.54412
0.68353
0.5545
0.59741
0.56521
0.52848
0.63204
0.4542
0.73953
0.55289
0.32954
0.60765
0.54201
0.41101
0.58249
0.3767
0.47504
0.3996
0.40267
0.52943
0.20269
0.41291
0.55203
0.36058
0.5244
0.50191
0.25745
0.48864
0.56183
0.87123
0.52177
0.59084
0.6827
0.36851
0.59945
0.74419
0.63209
0.34251
0.50869
0.70319
0.47943
0.43955
0.69787
0.49383
0.39392
0.72156
0.53558
0.53034
0.62793
0.47474
0.27254
0.83496
0.58964
0.45556
0.53431
0.43817
0.46223
0.32785
0.54509
0.22427
0.5378
0.63867
0.22294
0.60206
0.67948
0.21984
0.65406
0.62545
0.37093
0.55859
0.76274
0.48265
0.25839
0.42333
0.51674
0.56448
0.38739
0.49771
0.50852
0.49243
0.29608
0.5807
0.68685
0.3313
0.53387
0.58418
0.50606
0.44949
0.58591
0.45864
0.62757
0.5979
0.26174
0.77854
0.4095
0.50321
0.62159
0.37048
0.41271
0.56438
0.3424
0.45466
0.53421
0.52639
0.48419
0.55833
0.50847
0.74852
0.4284
0.55992
0.43246
0.28834
0.29073
0.43574
0.40305
0.35924
0.43744
0.6172
0.4975
0.53407
0.39668
0.36537
0.45157
0.49825
0.46952
0.63689
0.44345
0.46072
0.47337
0.66431
0.37905
0.47319
0.41981
0.5039
0.57071
0.62248
0.50324
0.45157
0.36498
0.67443
0.59028
0.51358
0.68678
0.39304
0.54689
0.62734
0.57856
0.36301
0.56616
0.47293
0.48415
0.25308
0.62588
0.48642
0.61871
0.70811
0.51421
0.57457
0.35472
0.63572
0.77466
0.63335
0.49119
0.51882
0.43693
0.78258
0.41645
0.2136
0.33269
0.62666
0.45941
0.35744
0.40235
0.37402
0.53593
0.58473
0.58458
0.57883
0.39011
0.55173
0.58351
0.68392
0.57726
0.67097
0.77332
0.75707
0.30033
0.77492
0.45627
0.64951
0.38254
0.47135
0.29296
0.43165
0.51468
0.65092
0.45413
0.5204
0.52436
0.50489
0.46569
0.47906
0.42036
0.71088
0.53377
0.44455
0.59823
0.19054
0.57829
0.43242
0.64316
0.42312
0.37674
0.66645
0.56447
0.57835
0.5716
0.59905
0.46944
0.4984
0.59929
0.24424
0.35565
0.32373
0.40264
0.47578
0.30236
0.76619
0.49169
0.45757
0.76096
0.56389
0.23477
0.56554
0.53774
0.23034
0.48391
0.56035
0.58598
0.49645
0.17993
0.47498
0.36532
0.62773
0.39028
0.62006
0.42029
0.68291
0.5164
0.50007
0.67106
0.37036
0.66646
0.34623
0.52559
0.54043
0.31287
0.47041
0.42098
0.57937
0.55796
0.63901
0.43527
0.752
0.46004
0.31534
0.41777
0.47878
0.60784
0.5678
0.33672
0.74111
0.61526
0.67344
0.55689
0.62783
0.59352
0.41309
0.56908
0.36529
0.34173
0.70999
0.60245
0.57229
0.76607
0.39234
0.5709
0.51107
0.43037
0.53507
0.47883
0.40169
0.43526
0.49816
0.586
0.64973
0.53962
0.59244
0.59242
0.21948
0.62632
0.63493
0.48682
0.29691
0.55993
0.39565
0.31736
0.38957
0.56351
0.4892
0.26323
0.5023
0.37701
0.36434
0.65461
0.29753
0.49958
0.40878
0.40949
0.80341
0.66482
0.44329
0.38032
0.80458
0.83856
0.39386
0.48337
0.72018
0.53869
0.34514
0.47388
0.42306
0.58166
0.28299
0.34534
0.24184
0.28521
0.43481
0.62927
0.5739
0.42135
0.35859
0.39892
0.49573
0.53023
0.49778
0.55623
0.49861
0.71198
0.5297
0.59977
0.22037
0.58905
0.47566
0.28302
0.55189
0.39666
0.43738
0.4529
0.54873
0.52604
0.35992
0.35631
0.71979
0.32977
0.58319
0.71416
0.40811
0.39707
0.57151
0.72763
0.67389
0.53573
0.52955
0.57705
0.61387
0.55327
0.6118
0.48098
0.67421
0.64147
0.56381
0.56888
0.33233
0.46531
0.95792
0.22949
0.5364
0.37136
0.4626
0.45488
0.72664
0.30818
0.59792
0.3265
0.39159
0.44693
0.28401
0.46556
0.53801
0.44724
0.68026
0.4308
0.4202
0.59562
0.54928
0.32552
0.55013
0.54616
0.29218
0.58326
0.45564
0.32027
0.54754
0.63745
0.37969
0.54442
0.39253
0.51528
0.42733
0.5724
0.67912
0.69976
0.27861
0.57495
0.24932
0.61183
0.52468
0.48828
0.42884
0.44961
0.52046
0.61273
0.58097
0.71424
0.41639
0.65191
0.53998
0.55535
0.56599
0.57448
0.39136
0.44149
0.47391
0.49722
0.61285
0.59222
0.61751
0.30415
0.60825
0.58054
0.3889
0.67576
0.44737
0.3454
0.52526
0.63412
0.62461
0.56486
0.56381
0.48994
0.41181
0.61531
0.52817
0.51339
0.54484
0.51794
0.56025
0.59105
0.69472
0.52993
0.46771
0.32415
0.55458
0.33016
0.32669
0.42236
0.42938
0.4146
0.52093
0.50622
0.26827
0.49957
0.66639
0.49853
0.47025
0.49754
0.5396
0.63607
0.44085
0.61537
0.66382
0.45856
0.49465
0.42955
0.61996
0.42051
0.21217
0.41303
0.52613
0.67898
0.30535
0.71078
0.19937
0.41056
0.58801
0.56001
0.55298
0.57597
0.57874
0.36353
0.38339
0.40539
0.42537
0.70779
0.55563
0.50996
0.45296
0.56117
0.42127
0.66914
0.52987
0.69
0.46067
0.51086
0.26375
0.60399
0.75335
0.54018
0.59152
0.33429
0.59401
0.60709
0.43779
0.56856
0.38986
0.58692
0.45904
0.45485
0.30105
0.67606
0.65937
0.48033
0.58004
0.22609
0.43027
0.59049
0.45357
0.36949
0.60133
0.43308
0.77419
0.61229
0.69369
0.58626
0.39131
0.43175
0.44575
0.53074
0.65287
0.36445
0.37947
0.34858
0.67744
0.55057
0.45123
0.51761
0.46283
0.43031
0.4846
0.45483
0.43552
0.33692
0.3322
0.48298
0.65528
0.64247
0.33128
0.59306
0.43953
0.52522
0.63788
0.46525
0.38314
0.44548
0.25803
0.53099
0.44561
0.46621
0.54716
0.24732
0.49371
0.65806
0.53022
0.67709
0.47968
0.59798
0.36403
0.19265
0.63141
0.46956
0.69223
0.67658
0.54291
0.46493
0.38882
0.60641
0.25304
0.43366
0.39397
0.65522
0.5882
0.43876
0.66054
0.70341
0.44639
0.40105
0.5227
0.39207
0.34185
0.58205
0.5021
0.48984
0.57315
0.52239
0.39591
0.51778
0.36735
0.63967
0.46921
0.66725
0.58179
0.64783
0.628
0.35304
0.35852
0.42937
0.27982
0.46474
0.4201
0.4092
0.47881
0.30282
0.47042
0.50179
0.62134
0.52201
0.36051
0.40024
0.45696
0.60564
0.53245
0.62693
0.28997
0.71527
0.53358
0.40201
0.25735
0.56716
0.41698
0.50087
0.24834
0.59208
0.52063
0.41318
0.47131
0.20556
0.39951
0.63493
0.70471
0.5049
0.45291
0.6333
0.48992
0.41278
0.51563
0.42095
0.80059
0.40118
0.60247
0.67853
0.55503
0.32199
0.52594
0.51858
0.53564
0.44896
0.59966
0.58878
0.25439
0.61045
0.57289
0.41516
0.49143
0.37898
0.49951
0.32572
0.23886
0.53655
0.345
0.4736
0.46152
0.58329
0.4769
0.46245
0.47799
0.59931
0.59102
0.59822
0.33042
0.5365
0.33337
0.652
0.93734
0.50736
0.60185
0.27746
0.68164
0.46829
0.65453
0.45959
0.5256
0.4065
0.6175
0.63375
0.653
0.52206
0.64287
0.45019
0.3707
0.41156
0.54972
0.5279
0.48233
0.55156
0.68179
0.56017
0.35465
0.57571
0.47578
0.583
0.32772
0.70098
0.35828
0.42057
0.68101
0.33315
0.50558
0.65279
0.59214
0.70735
0.58419
0.48981
0.46599
0.42616
0.50448
0.51582
0.63376
0.66202
0.88466
0.36149
0.48999
0.31972
0.47401
0.57548
0.66096
0.40213
0.33213
0.52749
0.3427
0.32994
0.54276
0.47885
0.42631
0.56566
0.75462
0.32417
0.38979
0.55931
0.53534
0.62096
0.30684
0.43297
0.60417
0.4541
0.27117
0.67121
0.45189
0.71694
0.58582
0.34399
0.53658
0.52812
0.24214
0.50067
0.47175
0.56814
0.40502
0.75461
0.41716
0.28655
0.44322
0.61822
0.49647
0.60697
0.63466
0.5912
0.55055
0.37612
0.48423
0.52361
0.68252
0.60084
0.38846
0.36415
0.3608
0.46512
0.45218
0.40825
0.57744
0.35641
0.67402
0.33609
0.26173
0.44034
0.47256
0.26066
0.52662
0.46651
0.35666
0.58847
0.29808
0.46556
0.31854
0.43529
0.30056
0.46956
0.3142
0.73369
0.31741
0.52564
0.4105
0.70897
0.55769
0.36322
0.47711
0.24273
0.53597
0.67315
0.56137
0.67742
0.39423
0.55491
0.40479
0.50171
0.72385
0.46186
0.73959
0.26951
0.62924
0.32246
0.46944
0.3724
0.80694
0.82998
0.46333
0.53949
0.46883
0.35149
0.44552
0.48967
0.64776
0.44681
0.40619
0.48786
0.49887
0.86727
0.38147
0.64827
0.54486
0.59149
0.51052
0.51856
0.33531
0.60045
0.70429
0.71127
0.45177
0.43664
0.39895
0.3848
0.53002
0.73972
0.33841
0.67982
0.59989
0.61946
0.81207
0.60845
0.51329
0.50377
0.42661
0.29066
0.47608
0.38233
0.5913
0.46886
0.6384
0.45099
0.561
0.57403
0.59247
0.55686
0.53312
0.65165
0.32695
0.42705
0.29715
0.35211
0.44156
0.6711
0.87634
0.32283
0.40803
0.17381
0.4958
0.29802
0.67816
0.47931
0.30477
0.35527
0.50922
0.62845
0.43697
0.53233
0.69646
0.51747
0.25267
0.77471
0.28875
0.36414
0.48734
0.55304
0.45898
0.59507
0.59341
0.52141
0.56724
0.4277
0.63116
0.41266
0.6359
0.6739
0.49992
0.47405
0.74245
0.63664
0.4573
0.45559
0.48973
0.27018
0.55054
0.29365
0.31456
0.40713
0.41419
0.61135
0.53386
0.51393
0.58506
0.39799
0.3315
0.54516
0.73322
0.45072
0.4818
0.61757
0.24049
0.39401
0.38971
0.47228
0.63086
0.44903
0.63545
0.36239
0.66483
0.42832
0.48739
0.58123
0.36627
0.29987
0.31768
0.41204
0.69126
0.53859
0.80915
0.51563
0.31164
0.37156
0.41381
0.35358
0.39011
0.45222
0.35008
0.46978
0.43364
0.52598
0.56586
0.29013
0.29573
0.17522
0.34675
0.59621
0.33406
0.4387
0.61909
0.39619
0.47075
0.44719
0.15787
0.28607
0.40101
0.54242
0.54383
0.45447
0.57661
0.53502
0.17458
0.39619
0.48566
0.36019
0.74221
0.28161
0.26025
0.53831
0.63948
0.61477
0.64472
0.56131
1
0.13191
0.38104
0.5721
0.33105
0.33204
0.53977
0.2388
0.42858
0.7723
0.29338
0.6534
0.22722
0.48493
0.35696
0.70054
0.41359
0.4824
0.61656
0.49763
0.40865
0.42813
0.43598
0.58416
0.35215
0.3239
0.43453
0.38238
0.64565
0.56199
0.72083
0.59759
0.53939
0.43243
0.45242
0.39021
0.66398
0.60232
0.35783
0.51005
0.49547
0.50379
0.52553
0.48307
0.59418
0.58079
0.69443
0.48057
0.13964
0.60419
0.26496
0.59343
0.52622
0.39919
0.55745
0.12829
0.37951
0.45632
0.35388
0.26785
0.24801
0.39991
0.45261
0.74461
0.58372
0.59717
0.34924
0.40289
0.46357
0.44231
0.67144
0.51937
0.41114
0.52429
0.35302
0.72367
0.73901
0.54698
0.35609
0.53783
0.38797
0.62512
0.43999
0.63459
0.3021
0.60325
0.41672
0.70381
0.48342
0.38881
0.64234
0.47205
0.29064
0.51281
0.34523
0.48927
0.26507
0.57908
0.65383
0.5044
0.7055
0.50012
0.58453
0.47853
0.68678
0.39743
0.36684
0.31978
0.63172
0.42735
0.4975
0.4512
0.57588
0.37132
0.61711
0.40087
0.3067
0.20205
0.4767
0.52635
0.8195
0.63721
0.79118
0.31116
0.55273
0.49726
0.58827
0.70188
0.38754
0.53128
0.30655
0.55584
0.42407
0.50829
0.37389
0.32571
0.55138
0.42329
0.36926
0.58802
0.84511
0.52629
0.42132
0.799
0.22609
0.52849
0.57515
0.49779
0.47855
0.24066
0.39771
0.41577
0.3714
0.34763
0.49208
0.50372
0.39761
0.55483
0.47042
0.62737
0.86624
0.55816
0.39564
0.65364
0.77627
0.73361
0.37161
0.20105
0.24674
0.44087
0.42635
0.50418
0.69956
0.47312
0.51786
0.33172
0.80707
0.4318
0.53162
0.33873
0.52898
0.47009
0.54352
0.34988
0.48263
0.63212
0.43947
0.28521
0.52736
0.53792
0.54703
0.52312
0.30882
0.46311
0.71547
0.49092
0.35026
0.5686
0.52201
0.36669
0.4802
0.327
0.38878
0.45293
0.28819
0.61921
0.85233
0.26255
0.4296
0.50081
0.64109
0.5639
0.28731
0.56227
0.57487
0.77337
0.34185
0.6484
0.49363
0.53742
0.20206
0.4425
0.46984
0.54795
0.22813
0.096646
0.39561
0.59607
0.65465
0.46576
0.27323
0.39374
0.47517
0.56214
0.55797
0.57951
0.63933
0.36267
0.38992
0.55724
0.71433
0.56026
0.4679
0.61033
0.52508
0.87569
0.4706
0.48069
0.6837
0.36046
0.55855
0.61873
0.32659
0.35029
0.58979
0.68835
0.55477
0.53267
0.64008
0.34919
0.5758
0.42822
0.70512
0.6871
0.28223
0.70325
0.57561
0.56474
0.61616
0.45277
0.60443
0.41356
0.4985
0.48076
0.38193
0.42741
0.63259
0.47197
0.71581
0.66729
0.47776
0.60016
0.39214
0.31464
0.6003
0.61339
0.45606
0.39231
0.51561
0.39083
0.53735
0.50653
0.63015
0.47557
0.72262
0.51223
0.37321
0.5276
0.55042
0.39926
0.73995
0.62461
0.76697
0.60836
0.6084
0.51666
0.47169
0.65817
0.6051
0.3116
0.58652
0.56503
0.37874
0.59813
0.41017
0.64966
0.56104
0.43525
0.48008
0.40318
0.2508
0.51069
0.68085
0.31515
0.45204
0.6751
0.54793
0.25771
0.39188
0.21485
0.61904
0.26773
0.63163
0.57477
0.48443
0.6083
0.40298
0.48956
0.47593
0.59601
0.43608
0.59341
0.39714
0.4739
0.63233
0.5303
0.37455
0.39925
0.64915
0.25997
0.59986
0.43267
0.58669
0.36162
0.53017
0.54387
0.39208
0.4142
0.30627
0.37745
0.62919
0.73712
0.6341
0.56956
0.45104
0.54478
0.68702
0.40092
0.28517
0.28578
0.62649
0.25299
0.71465
0.63188
0.59904
0.20243
0.53888
0.48696
0.32851
0.39483
0.35993
0.59618
0.42418
0.45769
0.27057
0.60171
0.56776
0.45317
0.35689
0.38769
0.3652
0.51658
0.47903
0.51
0.39864
0.47542
0.24843
0.49875
0.48496
0.35418
0.30576
0.70694
0.69766
0.71559
0.6759
0.34993
0.36249
0.51242
0.63497
0.49997
0.62463
0.50052
0.43442
0.50645
0.48223
0.38492
0.64887
